1013 1031 1433 1063 1733 1039 1093 1933 		1033
1213 4013 1063 1613 7013 1019 1093 1913 9013 		1013
1021 1231 1051 1531 1061 1831 1039 1091 1931 		1031
1423 3433 1453 1733 7433 1483 1439 1493 1933 9433 		1433
1061 1163 2063 1663 1069 1093 		1063
1723 3733 4733 1753 6733 1783 1933 9733 		1733
1009 1019 2039 1049 1439 5039 1069 7039 8039 		1039
1091 1193 1493 4093 1693 1097 8093 1993 		1093
1913 1931 4933 1973 7933 8933 1993 		1933
1223 2213 1613 1217 7213 1283 1913 		1213
4003 4513 4073 7013 4813 4019 4093 9013 		4013
1061 1163 2063 1663 1069 		1063
3613 1663 1619 1693 1913 9613 		1613
7213 7043 7019 9013 		7013
1009 1319 3019 1049 4019 1069 1619 7019 		1019
1091 1193 1493 4093 1693 1097 8093 1993 		1093
1973 1993 		1913
9011 9043 9413 9613 		9013
1321 4021 1051 5021 1061 1621 1721 1091 		1021
1201 4231 1531 5231 1237 1831 8231 1291 1931 		1231
1151 1451 4051 5051 1061 1091 1951 		1051
1511 2531 5531 1571 1831 1931 		1531
1361 3061 1861 1069 1091 		1061
1801 1811 4831 1861 1871 8831 1931 		1831
1009 2039 1049 1439 5039 1069 7039 8039 		1039
1291 4091 6091 1097 9091 		1091
1901 3931 4931 1951 9931 		1931
1123 1223 2423 4423 1453 1523 1427 1723 1483 1823 8423 1429 1493 		1423
3413 3533 3463 3733 7433 3833 9433 		3433
1153 1451 1553 1753 1483 1459 1493 		1453
1723 3733 4733 1753 6733 1783 9733 		1733
7333 7933 9433 		7433
1283 1481 4483 1583 5483 1487 1783 1489 1493 		1483
1409 1429 1459 1489 1499 9439 		1439
1193 4493 1693 1499 1993 		1493
4933 1973 7933 8933 1993 		1933
9133 9403 9413 9431 9533 9463 9437 9473 9733 9833 9439 		9433
1361 3061 1861 1069 		1061
1103 1123 1153 3163 1663 6163 1193 		1163
2003 2053 2663 2083 2069 2963 		2063
2663 4663 1667 8663 1669 1693 		1663
1009 1049 2069 1669 7069 8069 		1069
1193 4093 1693 1097 8093 1993 		1093
1123 1223 1523 1721 4723 1753 7723 1783 1823 		1723
3533 4733 6733 3833 3739 3793 9733 		3733
4133 4703 4723 6733 4783 4793 4933 9733 		4733
1153 1553 2753 7753 1783 8753 1759 		1753
6133 6703 6763 6737 6833 6793 9733 		6733
1283 1583 4783 5783 1787 8783 1789 		1783
4933 1973 7933 8933 1993 		1933
9133 9533 9743 9833 9739 		9733
1109 1049 1409 5009 1609 1709 8009 		1009
1319 3019 1049 4019 1619 7019 		1019
2029 2239 2339 2539 5039 2069 7039 2089 8039 2099 2939 		2039
1249 3049 4049 1549 1949 9049 		1049
1409 1429 1459 1489 1499 9439 		1439
5009 5059 5639 7039 5839 8039 5099 5939 		5039
2069 1669 7069 8069 		1069
7019 7069 7639 7079 8039 		7039
8009 8059 8539 8069 8089 8839 		8039
1291 4091 6091 1097 9091 		1091
1103 1123 1153 1693 7193 1993 		1193
4493 1693 1499 1993 		1493
4003 4073 4091 4493 4793 8093 4099 4993 		4093
2693 5693 1697 8693 1699 1993 		1693
1087 1297 1597 1697 1997 		1097
8053 8293 8693 8893 		8093
1973 4993 1997 7993 1999 		1993
1973 		1913
1901 3931 4931 1951 9931 		1931
4133 4903 4931 4943 4937 4973 7933 8933 4993 		4933
1373 1873 4973 1979 9973 		1973
7333 7963 7937 8933 7993 		7933
8233 8923 8963 		8933
4993 1997 7993 1999 		1993
1123 1523 1283 1823 1229 		1223
2113 2203 2243 2273 2713 7213 2293 		2213
3613 1619 9613 		1613
1117 1237 3217 4217 6217 1277 1297 		1217
7211 7243 7253 7283 7219 		7213
4283 1583 7283 1289 9283 		1283
		1913
2003 4001 5003 4603 4007 4073 4703 4903 		4003
4523 4517 4583 4813 8513 4519 		4513
4273 4373 4673 6073 4079 4973 		4073
7043 7019 		7013
5813 4817 		4813
3019 4219 4049 4519 4079 7019 4099 4919 		4019
4091 4493 4793 4099 4993 		4093
9011 9043 9413 9613 		9013
1361 3061 1861 		1061
1103 1123 1153 3163 6163 		1163
2003 2053 2663 2083 2069 2963 		2063
2663 4663 1667 8663 1669 		1663
2069 1669 7069 8069 		1069
3313 3413 3623 3643 3617 3673 9613 		3613
2663 4663 1667 8663 1669 		1663
1319 1609 1669 6619 1699 9619 		1619
2693 5693 1697 8693 1699 		1693
		1913
9413 9623 9643 9619 		9613
7211 7243 7253 7283 7219 		7213
6043 7243 7643 9043 		7043
3019 7219 7069 7079 7919 		7019
9011 9043 9413 		9013
1109 1409 5009 1609 1709 8009 		1009
3319 1399 9319 		1319
3011 3119 3319 3049 3079 3719 3089 3919 		3019
1249 3049 4049 1549 1949 9049 		1049
4219 4049 4519 4079 4099 4919 		4019
2069 1669 7069 8069 		1069
1609 1669 6619 1699 9619 		1619
7219 7069 7079 7919 		7019
1291 4091 6091 9091 		1091
1103 1123 1153 7193 		1193
4493 1499 		1493
4091 4493 4793 4099 4993 		4093
2693 5693 1697 8693 1699 		1693
1087 1297 1597 1697 1997 		1097
8053 8293 8693 8893 		8093
4993 1997 7993 1999 		1993
1373 1873 4973 1979 9973 		1973
4993 1997 7993 1999 		1993
2011 3011 5011 6011 8011 9001 9311 9041 9511 9811 9091 		9011
6043 9041 9343 9643 9743 9049 		9043
3413 5413 9403 9463 9473 9419 		9413
9623 9643 9619 		9613
1301 1361 1621 1327 1721 7321 1381 		1321
4001 4421 4051 5021 4621 4027 4721 4091 		4021
1151 1451 4051 5051 1951 		1051
5011 5023 5051 5521 5081 5821 		5021
1361 3061 1861 		1061
1601 2621 4621 1627 1721 7621 		1621
1741 4721 9721 		1721
1291 4091 6091 9091 		1091
1301 4201 1601 1801 1291 1901 		1201
4201 4211 4241 5231 4261 4271 4831 8231 4931 		4231
1511 2531 5531 1571 		1531
5233 5431 5531 5261 5237 5281 8231 		5231
2237 5237 1637 1277 7237 8237 1297 		1237
1801 1811 4831 1861 1871 8831 		1831
8221 8233 8431 8237 8731 8831 8291 		8231
1297 8291 		1291
1901 3931 4931 1951 9931 		1931
1153 1451 6151 1171 7151 1181 1951 9151 		1151
4451 6451 1471 7451 1481 1459 1951 		1451
4001 4451 5051 4651 4057 4751 4091 4951 		4051
5011 5351 5651 5081 5851 5059 		5051
1361 3061 1861 		1061
4091 6091 9091 		1091
1901 4951 7951 8951 		1951
3511 1571 1811 9511 		1511
2131 2521 2551 5531 2731 2539 2591 		2531
5431 5501 5521 5581 5591 		5531
1171 1471 3571 6571 1871 1579 		1571
1801 1811 4831 1861 1871 8831 		1831
1901 3931 4931 9931 		1931
1301 3361 6361 1367 1381 1861 		1361
3001 3011 3041 3361 3461 3067 3761 		3061
1801 1811 2861 4861 5861 1867 1871 8861 		1861
2069 1669 7069 8069 		1069
4091 6091 9091 		1091
1301 1601 1811 2801 4801 5801 1871 1901 		1801
1871 9811 		1811
4801 4861 4871 8831 4931 		4831
2861 4861 5861 1867 1871 8861 		1861
1171 1471 1873 4871 6871 1877 1879 9871 		1871
8431 8731 8821 8861 8837 8839 		8831
1901 3931 4931 9931 		1931
1109 1409 5009 1609 1709 8009 		1009
2029 2239 2339 2539 2069 2089 2099 2939 		2039
1249 3049 4049 1549 1949 9049 		1049
1409 1429 1459 1489 1499 9439 		1439
5009 5059 5639 5839 5099 5939 		5039
2069 1669 7069 8069 		1069
7069 7639 7079 		7039
8009 8059 8539 8069 8089 8839 		8039
1297 8291 		1291
4001 4391 4591 4691 6091 4099 9091 		4091
6011 6491 6691 6791 6991 9091 		6091
1087 1297 1597 1697 1997 		1097
9001 9041 9391 9491 9791 		9091
1301 1601 1907 7901 9901 		1901
3331 3631 3911 4931 9931 		3931
4951 4937 9931 		4931
4951 7951 8951 		1951
9431 9631 9901 9941 		9931
1103 1153 1523 1823 8123 1129 		1123
1523 1823 1229 		1223
4423 2473 8423 		2423
4421 4523 4463 4723 4483 8423 4493 		4423
1153 1553 1459 		1453
1543 4523 1553 7523 1583 1823 		1523
1327 1447 1627 6427 1487 1429 		1427
4723 7723 1823 		1723
1481 4483 1583 5483 1487 1489 		1483
3823 6823 1873 7823 		1823
8123 8443 8623 8429 8923 		8423
1129 1229 1409 1459 1489 8429 1499 		1429
4493 1499 		1493
3313 5413 3463 		3413
3583 3833 3539 3593 9533 		3533
3163 3461 4463 3467 3863 3469 9463 		3463
3833 3739 3793 		3733
7333 		7433
2833 3803 3823 3853 3863 6833 9833 		3833
9133 9403 9431 9533 9463 9437 9473 9833 9439 		9433
1103 2153 4153 1553 5153 		1153
4451 6451 1471 7451 1481 1459 		1451
1543 6553 1583 1559 		1553
2753 7753 8753 1759 		1753
1481 4483 1583 5483 1487 1489 		1483
1259 1409 2459 1559 1759 7459 1489 1499 		1459
4493 1499 		1493
4723 7723 		1723
3739 3793 		3733
4133 4703 4723 4783 4793 		4733
2753 7753 8753 1759 		1753
6133 6703 6763 6737 6833 6793 		6733
1583 4783 5783 1787 8783 1789 		1783
9133 9533 9743 9833 9739 		9733
2333 5333 7331 7393 		7333
7963 7937 7993 		7933
9133 9403 9431 9533 9463 9437 9473 9833 9439 		9433
4283 1583 7283 1289 9283 		1283
1181 1381 1471 4481 6481 1487 7481 1489 		1481
4283 4463 4481 4583 5483 4783 4493 		4483
1543 3583 4583 7583 		1583
5413 5443 5683 5783 		5483
1087 1187 1447 1787 7487 1489 1987 		1487
4783 5783 1787 8783 1789 		1783
1289 1409 1789 7489 1889 1499 		1489
4493 1499 		1493
1109 4409 1609 1709 1499 		1409
1129 1229 8429 1499 		1429
1259 2459 1559 1759 7459 1499 		1459
1289 1789 7489 1889 1499 		1489
1399 3499 1699 7499 1999 		1499
9239 9419 9431 9437 9539 9479 9739 9839 		9439
1103 7193 		1193
4463 4793 4993 		4493
2693 5693 1697 8693 1699 		1693
1399 3499 1699 7499 1999 		1499
4993 1997 7993 1999 		1993
4133 4903 4943 4937 4973 4993 		4933
1373 1873 4973 1979 9973 		1973
7963 7937 7993 		7933
8233 8923 8963 		8933
4993 1997 7993 1999 		1993
4133 6133 9103 9533 9137 9173 9833 		9133
9103 9203 9463 9473 9803 		9403
5413 9463 9473 9419 		9413
5431 8431 9421 9461 9631 9437 9491 		9431
9833 9539 		9533
4463 9461 9467 9473 		9463
2437 5437 9137 9337 9467 9497 		9437
2473 6473 9173 9479 9973 		9473
9743 9833 9739 		9733
2833 6833 9803 9883 9839 		9833
9239 9419 9539 9479 9739 9839 		9439
1301 3361 6361 1367 1381 		1361
3001 3011 3041 3361 3461 3067 3761 		3061
2861 4861 5861 1867 8861 		1861
2069 1669 7069 8069 		1069
1303 7103 1109 9103 		1103
8123 1129 		1123
2153 4153 5153 		1153
6163 3167 3863 3169 		3163
2663 4663 1667 8663 1669 		1663
6113 6133 6143 6263 6563 6173 6763 6863 		6163
7193 		1193
2203 2053 2503 5003 2083 2803 2903 		2003
2153 6053 2753 2083 8053 2953 		2053
2633 4663 2683 8663 2693 2963 		2663
2081 2383 3083 2683 2087 2089 		2083
2029 2269 7069 2089 8069 2099 2969 		2069
2903 2953 7963 8963 2969 		2963
2633 4663 2683 8663 2693 		2663
4363 4463 4603 4643 4673 8663 		4663
1367 1567 1607 1627 1637 1657 1867 1669 1697 		1667
8263 8363 8563 8623 8863 8669 8693 8963 		8663
1609 5669 7669 8669 1699 		1669
2693 5693 1697 8693 1699 		1693
1109 5009 1609 1709 8009 		1009
1249 3049 4049 1549 1949 9049 		1049
2029 2269 7069 2089 8069 2099 2969 		2069
1609 5669 7669 8669 1699 		1669
7369 7669 7079 8069 		7069
8009 8059 8269 8369 8669 8089 8969 		8069
7193 		1193
4793 4099 4993 		4093
2693 5693 1697 8693 1699 		1693
1087 1297 1597 1697 1997 		1097
8053 8293 8693 8893 		8093
4993 1997 7993 1999 		1993
8123 1129 		1123
1229 		1223
1543 4523 7523 		1523
1741 4721 9721 		1721
4523 4703 4721 7723 4783 4729 4793 		4723
2753 7753 8753 1759 		1753
7523 7703 7753 7727 7823 7793 		7723
4783 5783 1787 8783 1789 		1783
3823 6823 1873 7823 		1823
3583 3539 3593 		3533
4133 4703 4783 4793 		4733
6133 6703 6763 6737 6833 6793 		6733
2833 3803 3823 3853 3863 6833 		3833
3539 3709 3719 3769 3779 9739 		3739
3593 4793 6793 3797 7793 		3793
9743 9739 		9733
4153 6133 4139 		4133
4603 6703 7703 4783 4793 4903 		4703
4523 4721 4783 4729 4793 		4723
6133 6703 6763 6737 6833 6793 		6733
4283 4583 5783 4787 8783 4789 4793 		4783
6793 7793 4799 4993 		4793
4903 4943 4937 4973 4993 		4933
9743 9739 		9733
2153 4153 5153 		1153
1543 6553 1559 		1553
2153 2713 7753 8753 2953 		2753
7253 7703 7757 7853 8753 7759 7793 		7753
5783 1787 8783 1789 		1783
8053 8353 8713 8783 		8753
1259 1559 1709 4759 7759 1789 		1759
6113 6131 6143 6173 6833 		6133
6203 6701 6763 7703 6803 6709 6793 		6703
6263 6563 6761 6863 6793 		6763
5737 6037 6337 6637 8737 		6737
2833 6803 6823 6863 6883 		6833
6791 7793 		6793
9743 9739 		9733
4283 7283 1289 9283 		1283
1543 3583 4583 7583 		1583
4283 4583 5783 4787 8783 4789 		4783
5683 5743 8783 		5783
1087 1187 1747 1777 4787 1789 1987 9787 		1787
8713 		8783
1289 1709 2789 4789 7789 1889 		1789
4903 4943 4937 4973 4993 		4933
1373 1873 4973 1979 9973 		1973
7963 7937 7993 		7933
8233 8923 8963 		8933
4993 1997 7993 1999 		1993
9103 9137 9173 		9133
9539 		9533
5743 9343 9643 9749 		9743
2833 9803 9883 9839 		9833
9239 9539 9719 9749 9769 9839 		9739
1129 3109 1609 1709 7109 9109 		1109
1249 3049 4049 1549 1949 9049 		1049
4409 1609 1709 		1409
5003 5209 5309 5059 8009 5099 		5009
1601 1607 2609 1709 8609 1699 		1609
3709 6709 		1709
8209 8059 8609 8089 		8009
3319 1399 9319 		1319
3011 3119 3319 3049 3079 3719 3089 3919 		3019
1249 3049 4049 1549 1949 9049 		1049
4219 4049 4519 4079 4099 4919 		4019
6619 1699 9619 		1619
7219 7079 7919 		7019
2027 2129 6029 2729 2089 2099 9029 		2029
2237 2339 2539 2269 2939 9239 		2239
2309 2333 4339 2539 2389 2399 2939 		2339
3539 2549 2579 8539 2939 9539 		2539
5059 5639 5839 5099 5939 		5039
2269 2089 2099 2969 		2069
7639 7079 		7039
2081 2087 2389 3089 2689 6089 2789 8089 2099 		2089
8059 8539 8089 8839 		8039
2399 4099 5099 2699 2999 		2099
2909 5939 2969 2999 		2939
1229 1259 1549 1279 1289 1949 		1249
3041 3449 4049 3079 3089 9049 		3049
4349 4549 4649 4079 4099 9049 		4049
1543 2549 4549 1559 1579 7549 1949 		1549
6949 1979 7949 1999 9949 		1949
9029 9041 9349 9059 9649 9749 9949 		9049
4409 		1409
1129 1229 8429 		1429
1259 2459 1559 7459 		1459
1289 7489 1889 		1489
1399 3499 1699 7499 1999 		1499
9239 9419 9539 9479 9839 		9439
5003 5209 5309 5059 5099 		5009
5659 8059 5099 9059 		5059
4639 5659 5669 7639 5689 5839 5939 		5639
7639 7079 		7039
5849 5869 5879 8839 5939 9839 		5839
8059 8539 8089 8839 		8039
4099 5399 		5099
		5939
2269 2969 		2069
5669 7669 8669 1699 		1669
7369 7669 7079 		7069
8059 8269 8369 8669 8089 8969 		8069
7219 7079 7919 		7019
7369 7669 7079 		7069
4639 7649 7669 7699 		7639
3079 4079 6079 7879 		7079
8059 8539 8089 8839 		8039
8209 8059 8609 8089 		8009
8053 8089 9059 		8059
3539 8537 8839 8599 9539 		8539
8269 8369 8669 8089 8969 		8069
3089 6089 8081 8087 8389 8689 		8089
8819 8837 8849 9839 		8839
1297 8291 		1291
4001 4391 4591 4691 4099 		4091
6011 6491 6691 6791 6991 		6091
1087 1297 1597 1697 1997 		1097
9001 9041 9391 9491 9791 		9091
1303 7103 9103 		1103
8123 1129 		1123
2153 4153 5153 		1153
2693 5693 1697 8693 1699 		1693
7103 7393 7793 7993 		7193
4993 1997 7993 1999 		1993
4463 4993 		4493
2693 5693 1697 8693 1699 		1693
1399 3499 1699 7499 1999 		1499
4993 1997 7993 1999 		1993
4001 5003 4603 4007 4903 		4003
4273 4373 4673 6073 4079 4973 		4073
4001 4391 4591 4691 4099 		4091
4463 4993 		4493
7793 4799 4993 		4793
8053 8293 8693 8893 		8093
4079 4799 4999 		4099
4903 4943 4973 7993 4999 		4993
2293 2393 2593 2633 2683 5693 8693 2699 		2693
5393 5623 5653 5683 8693 		5693
1297 1597 1607 1627 1637 1657 3697 1699 1997 9697 		1697
8293 8623 8893 8699 		8693
1399 2699 7699 8699 1999 		1699
1997 7993 1999 		1993
1187 2087 5087 8087 1987 		1087
1277 2297 4297 1597 5297 7297 8297 1997 		1297
1567 4597 8597 1997 		1597
1607 1627 1637 1657 3697 1997 9697 		1697
1907 1987 6997 1999 		1997
6053 8353 		8053
2293 8233 8243 8263 8273 8291 8297 8893 9293 		8293
8623 8893 8699 		8693
8803 8863 		8893
1373 1873 4973 1979 9973 		1973
4903 4943 4973 7993 4999 		4993
1907 1987 6997 1999 		1997
7393 7793 7963 		7993
1399 1979 2999 4999 8999 		1999
1373 1873 4973 1979 9973 		1973
1301 1601 1907 7901 9901 		1901
3331 3631 3911 		3931
4951 4937 		4931
4951 7951 8951 		1951
9631 9901 9941 		9931
4153 4139 		4133
2903 4603 4943 5903 4973 4909 		4903
4951 4937 		4931
3943 4243 4643 4973 		4943
4337 4637 4957 4967 7937 4987 		4937
4273 4373 4673 9973 		4973
7963 7937 		7933
8233 8923 8963 		8933
4999 		4993
1303 3373 4373 6373 1873 		1373
1877 7873 1879 		1873
4273 4373 4673 9973 		4973
1279 1579 1879 		1979
9173 9923 		9973
2333 5333 7331 7393 		7333
8963 		7963
7237 7537 7907 7927 		7937
8233 8923 8963 		8933
7393 7793 		7993
5233 8243 8263 8237 8273 		8233
3923 5923 8123 8623 8963 8929 9923 		8923
8263 8363 8563 8863 8969 		8963
4999 		4993
1907 1987 6997 		1997
7393 7793 		7993
1399 2999 4999 8999 		1999
8123 1129 		1123
1543 4523 7523 		1523
4283 7283 1289 9283 		1283
3823 6823 7823 		1823
1129 3229 4229 1259 6229 1279 7229 1289 		1229
2111 2143 2153 5113 6113 2713 		2113
3203 2243 2503 6203 2207 2273 2803 2293 2903 9203 		2203
2143 4243 2543 2273 7243 2843 8243 2293 		2243
2473 4273 5273 8273 2293 		2273
2711 8713 2719 		2713
7211 7243 7253 7283 7219 		7213
2393 2593 2297 9293 		2293
3313 3623 3643 3617 3673 		3613
6619 9619 		1619
9623 9643 9619 		9613
1187 8117 		1117
2237 5237 1637 1277 7237 8237 		1237
4217 3257 3517 3617 6217 3917 		3217
4211 4517 6217 4817 4219 4297 		4217
6211 6317 6247 6257 6277 6287 6917 		6217
6277 1777 1877 1279 9277 		1277
2297 4297 5297 7297 8297 		1297
4211 6211 7411 7219 		7211
4243 7253 7643 7247 7283 8243 		7243
3253 4253 7283 7853 		7253
4283 7583 7883 9283 		7283
4219 7229 8219 7919 		7219
4243 4253 4273 4583 4289 9283 		4283
1543 3583 4583 7583 		1583
7583 7883 9283 		7283
1259 1279 4289 1889 		1289
9203 9281 9883 9293 		9283
2503 5003 2803 2903 		2003
3001 4201 4007 7001 4801 9001 		4001
5023 5303 5503 5903 		5003
4643 4673 7603 		4603
4027 4057 4507 6007 9007 		4007
4273 4373 4673 6073 4079 		4073
7703 		4703
2903 5903 4909 		4903
7523 4583 		4523
3517 4507 4547 4567 7517 4817 4519 4597 		4517
3583 7583 		4583
5813 4817 		4813
8543 8563 8573 8713 		8513
4219 4549 5519 4919 		4519
4243 4253 4271 4373 5273 4673 8273 		4273
3373 4363 4673 6373 		4373
3673 4643 6673 7673 4679 		4673
6043 6053 6173 6373 6473 6673 6079 		6073
3079 4679 6079 		4079
		4973
6043 7643 		7043
7919 		7019
5113 5413 5843 		5813
4877 7817 9817 		4817
3011 3119 3319 3079 3719 3089 3919 		3019
4211 4229 4259 4289 8219 4919 		4219
4349 4549 4649 		4049
4549 5519 4919 		4519
3079 4679 6079 		4079
7919 		7019
4799 4999 		4099
3919 4909 4969 7919 4999 		4919
4391 4591 4691 		4091
4463 		4493
7793 4799 		4793
4799 4999 		4099
4999 		4993
2011 3011 5011 6011 8011 9001 9311 9041 9511 9811 		9011
6043 9041 9343 9643 		9043
5413 9419 		9413
9623 9643 9619 		9613
1301 3361 6361 1367 1381 		1361
3001 3011 3041 3361 3461 3067 3761 		3061
2861 4861 5861 1867 8861 		1861
1303 7103 9103 		1103
8123 1129 		1123
2153 4153 5153 		1153
3167 3863 3169 		3163
6113 6143 6263 6563 6173 6863 		6163
2503 2803 2903 		2003
2153 6053 2953 		2053
2633 2683 		2663
2081 2383 3083 2683 2087 		2083
2269 2969 		2069
2903 2953 2969 		2963
2633 2683 		2663
4363 4463 4643 		4663
1367 1567 1607 1627 1637 1657 1867 		1667
8263 8363 8563 8623 8863 8669 		8663
5669 7669 8669 		1669
2269 2969 		2069
5669 7669 8669 		1669
7369 7669 		7069
8269 8369 8669 8969 		8069
3323 3343 3373 3319 		3313
5413 		3413
3023 3323 3643 5623 3673 3823 8623 3923 9623 		3623
3343 4643 3673 7643 3943 9643 		3643
2617 3517 3607 3637 3677 3697 3917 		3617
3373 3671 6673 3677 7673 		3673
9623 9643 9619 		9613
2633 2683 		2663
4363 4463 4643 		4663
1367 1567 1607 1627 1637 1657 1867 		1667
8263 8363 8563 8623 8863 8669 		8663
5669 7669 8669 		1669
3319 1399 9319 		1319
1601 1607 2609 8609 		1609
5669 7669 8669 		1669
6659 6679 6719 6689 9619 		6619
1399 2699 7699 8699 		1699
9319 9419 9629 9649 9679 9719 9689 		9619
2393 2593 2633 2683 2699 		2693
5393 5623 5653 5683 		5693
1607 1627 1637 1657 3697 9697 		1697
8623 8699 		8693
1399 2699 7699 8699 		1699
5413 9419 		9413
5623 8623 9323 9643 9629 9923 		9623
4643 7643 9343 9649 		9643
9319 9419 9629 9649 9679 9719 9689 		9619
4211 6211 7411 		7211
4243 7643 7247 8243 		7243
3253 4253 7853 		7253
7583 7883 		7283
7229 8219 7919 		7219
6143 6343 6053 6047 		6043
4243 7643 7247 8243 		7243
4643 7603 7673 7649 		7643
9041 9343 		9043
3011 3119 3319 3079 3719 3089 3919 		3019
7229 8219 7919 		7219
7369 7669 		7069
3079 6079 7879 		7079
3919 7949 		7919
2011 3011 5011 6011 8011 9001 9311 9041 9511 9811 		9011
9041 9343 		9043
5413 9419 		9413
1129 3109 7109 9109 		1109
4409 		1409
5209 5309 		5009
1601 1607 2609 8609 		1609
3709 6709 		1709
8209 8609 		8009
3119 3329 3359 3719 3389 3919 9319 		3319
2399 5399 		1399
9311 9349 9419 9719 		9319
2011 3001 3041 3511 5011 6011 8011 3911 		3011
3109 5119 3169 3719 3919 		3119
3329 3359 3719 3389 3919 		3319
3041 3449 3079 3089 		3049
6079 3779 3089 		3079
2719 3709 3769 6719 3779 8719 3919 9719 		3719
3083 3389 6089 3889 3989 		3089
3911 3917 3929 3989 		3919
1259 1279 		1249
3041 3449 		3049
4349 4549 4649 		4049
1543 2549 4549 1559 1579 7549 		1549
6949 7949 9949 		1949
9029 9041 9349 9059 9649 9749 9949 		9049
4211 4229 4259 4289 8219 		4219
4349 4549 4649 		4049
4549 5519 		4519
4679 6079 		4079
4799 4999 		4099
4909 4969 4999 		4919
2269 2969 		2069
5669 7669 8669 		1669
7369 7669 		7069
8269 8369 8669 8969 		8069
1601 1607 2609 8609 		1609
5669 7669 8669 		1669
6659 6679 6719 6689 		6619
2699 7699 8699 		1699
9419 9629 9649 9679 9719 9689 		9619
7229 8219 		7219
7369 7669 		7069
6079 7879 		7079
7949 		7919
8291 		1291
4391 4591 4691 		4091
6011 6491 6691 6791 6991 		6091
9001 9041 9391 9491 9791 		9091
1303 7103 9103 		1103
8123 1129 		1123
2153 4153 5153 		1153
7103 7393 7793 		7193
4463 		4493
3499 7499 		1499
4391 4591 4691 		4091
4463 		4493
7793 4799 		4793
4799 4999 		4099
4999 		4993
2393 2593 2633 2683 2699 		2693
5393 5623 5653 5683 		5693
1607 1627 1637 1657 3697 9697 		1697
8623 8699 		8693
2699 7699 8699 		1699
1187 2087 5087 8087 1987 		1087
2297 4297 5297 7297 8297 		1297
1567 4597 8597 		1597
1607 1627 1637 1657 3697 9697 		1697
1907 1987 6997 		1997
6053 8353 		8053
8243 8263 8273 8291 8297 9293 		8293
8623 8699 		8693
8803 8863 		8893
4999 		4993
1907 1987 6997 		1997
7393 7793 		7993
2999 4999 8999 		1999
1303 3373 6373 		1373
1877 7873 1879 		1873
		4973
1279 1579 1879 		1979
9173 9923 		9973
4999 		4993
1907 1987 6997 		1997
7393 7793 		7993
2999 4999 8999 		1999
2111 2311 2411 5011 6011 2017 2711 2081 8011 		2011
3001 3041 3511 5011 6011 8011 3911 		3011
6011 5711 5081 8011 		5011
6211 6311 8011 6911 		6011
8111 8311 8017 8081 		8011
3001 7001 9041 9601 9007 9901 		9001
2311 6311 8311 9341 9511 9371 9811 9391 		9311
3041 9241 9341 9941 		9041
3511 9521 9551 9811 		9511
9851 9817 9871 		9811
9391 9491 9791 		9091
6143 6343 6053 6047 		6043
3041 9241 9341 9941 		9041
3343 6343 9323 9341 9349 		9343
4643 9649 		9643
5743 9749 		9743
9029 9349 9059 9649 9749 9949 		9049
5413 		3413
5113 5443 5417 5419 		5413
9103 9203 9803 		9403
4463 9461 9467 		9463
2473 6473 9173 9479 		9473
5419 8419 9479 9719 		9419
5623 8623 9323 9629 9923 		9623
4643 9649 		9643
9629 9649 9679 9719 9689 		9619
1303 3301 1601 6301 1307 1381 		1301
3361 6361 1367 1381 		1361
1601 2621 4621 1627 7621 		1621
1307 4327 1367 1627 		1327
1741 4721 9721 		1721
7121 7331 7351 7621 		7321
1181 2381 5381 		1381
3001 4201 7001 4801 		4001
4441 4451 4621 6421 4721 4481 9421 		4421
4451 4651 4057 4751 4951 		4051
5023 5521 5081 5821 		5021
2621 4651 4721 7621 4691 		4621
2027 4127 4327 4057 7027 		4027
4751 4729 9721 		4721
4391 4591 4691 		4091
6151 1171 7151 1181 9151 		1151
4451 6451 1471 7451 		1451
4451 4651 4057 4751 4951 		4051
5351 5651 5081 5851 		5051
4951 7951 8951 		1951
5711 5081 		5011
3023 5323 5623 5923 		5023
5351 5651 5081 5851 		5051
2521 5501 6521 5527 5581 5821 8521 5591 9521 		5521
2081 5281 5381 5581 5087 5881 8081 5981 		5081
3821 5801 5851 5861 5827 5881 8821 		5821
3361 6361 1367 		1361
3001 3041 3361 3461 3067 3761 		3061
2861 4861 5861 1867 8861 		1861
1607 9601 		1601
2221 2521 2671 7621 		2621
4651 7621 4691 		4621
1607 1637 1657 8627 		1627
1741 9721 		1721
7121 7681 7691 		7621
2741 5741 1747 7741 8741 		1741
4751 4729 9721 		4721
9221 9421 9521 9781 9791 		9721
8291 		1291
4391 4591 4691 		4091
6491 6691 6791 6991 		6091
9391 9491 9791 		9091
1303 3301 6301 1307 		1301
4211 4241 4261 4271 4801 		4201
1607 9601 		1601
2801 4801 5801 		1801
8291 		1291
1907 7901 9901 		1901
4211 4241 4261 4271 4801 		4201
4111 4241 4261 6211 4271 		4211
4243 4441 4261 4271 9241 		4241
5233 5431 5261 5237 5281 		5231
4561 5261 4271 4861 		4261
3271 6271 4871 		4271
4801 4861 4871 		4831
8221 8431 8237 8731 8291 		8231
4951 		4931
3511 		1511
2131 2521 2551 2731 2591 		2531
5431 5501 5581 5591 		5531
1171 1471 3571 6571 1579 		1571
5333 5237 5273 		5233
5441 5437 5471 8431 		5431
5501 5581 5591 		5531
5281 5861 		5261
2237 5227 5437 5737 7237 8237 5297 		5237
2281 5381 5581 5881 5981 9281 		5281
8221 8431 8237 8731 8291 		8231
2137 2207 2437 2267 7237 2287 2837 8237 2297 		2237
5227 5437 5737 7237 8237 5297 		5237
1607 3637 4637 1657 6637 		1637
6277 1777 1877 1279 9277 		1277
7207 7247 7537 8237 7297 		7237
8537 8737 8287 8837 8297 		8237
2297 4297 5297 7297 8297 		1297
2801 4801 5801 		1801
		1811
4801 4861 4871 		4831
2861 4861 5861 1867 8861 		1861
1171 1471 4871 6871 1877 1879 9871 		1871
8431 8731 8821 8861 8837 		8831
2221 3221 6221 8521 8821 8291 9221 		8221
8243 8263 8273 		8233
8461 8731 		8431
8537 8737 8287 8837 8297 		8237
2731 8741 8761 8737 		8731
8821 8861 8837 		8831
8191 8297 		8291
2297 4297 5297 7297 8297 		1297
8191 8297 		8291
1907 7901 9901 		1901
3331 3631 3911 		3931
4951 		4931
4951 7951 8951 		1951
9631 9901 9941 		9931
2153 4153 5153 		1153
4451 6451 1471 7451 		1451
6101 6121 6131 6451 6551 7151 9151 		6151
1471 5171 1181 8171 		1171
7121 7351 7451 7159 7951 9151 		7151
3181 1187 9181 		1181
4951 7951 8951 		1951
9551 9161 9157 9181 9851 		9151
4441 4651 6451 4457 4751 7451 4481 4951 		4451
6421 6551 7451 6481 6491 		6451
5471 		1471
7351 7411 7457 7481 7459 7951 		7451
4481 6481 7481 		1481
1259 2459 1559 7459 		1459
4951 7951 8951 		1951
3001 7001 4801 		4001
4441 4651 4457 4751 4481 4951 		4451
5351 5651 5851 		5051
5651 4657 4751 4691 4951 		4651
4157 4357 4457 4657 7057 4957 		4057
4759 4951 		4751
4391 4591 4691 		4091
4957 7951 8951 		4951
5711 		5011
2351 5651 7351 5381 5851 		5351
5641 5653 5657 5851 5659 		5651
2081 5381 5581 5087 5881 8081 5981 		5081
2851 3851 5801 5861 5857 5881 9851 		5851
5659 9059 		5059
3361 6361 1367 		1361
3001 3041 3361 3461 3067 3761 		3061
2861 4861 5861 1867 8861 		1861
4391 4591 4691 		4091
6491 6691 6791 6991 		6091
9391 9491 9791 		9091
1907 7901 9901 		1901
4957 7951 8951 		4951
7351 7901 8951 		7951
8941 8971 		8951
3541 3517 3571 3581 3911 		3511
3571 6571 1579 		1571
		1811
9521 9551 		9511
2111 2141 2161 6131 2137 2731 		2131
2221 2551 6521 8521 2591 9521 		2521
2251 2351 6551 2557 2851 2591 9551 		2551
5501 5581 5591 		5531
2711 2741 2791 		2731
3539 2549 2579 9539 		2539
2593 4591 5591 2791 7591 		2591
5441 5437 5471 		5431
5101 5503 5507 5701 5581 5801 8501 5591 		5501
6521 5527 5581 8521 5591 9521 		5521
3581 5381 6581 5881 8581 5591 5981 		5581
4591 5791 7591 		5591
5171 8171 		1171
5471 		1471
3271 3371 3541 3671 6571 3581 		3571
6271 6521 6551 6577 6581 6871 6971 		6571
4871 6871 1877 1879 9871 		1871
1279 1559 2579 1879 		1579
2801 4801 5801 		1801
		1811
4801 4861 4871 		4831
2861 4861 5861 1867 8861 		1861
4871 6871 1877 1879 9871 		1871
8821 8861 8837 		8831
1907 7901 9901 		1901
3331 3631 3911 		3931
		4931
9631 9901 9941 		9931
1303 3301 6301 1307 		1301
3301 3331 3461 6361 3371 3761 3391 		3361
6301 6311 6661 6367 6761 6961 		6361
1307 1567 6367 1867 		1367
2381 5381 		1381
2861 4861 5861 1867 8861 		1861
3301 3041 3701 7001 		3001
3041 3911 		3011
3541 		3041
3301 3331 3461 3371 3761 3391 		3361
3467 3761 8461 3469 3491 9461 		3461
3037 3167 3467 6067 3767 3967 9067 		3067
3701 6761 3767 8761 3769 		3761
2801 4801 5801 		1801
		1811
2161 2801 2851 4861 5861 8861 		2861
4561 4801 5861 4871 8861 		4861
5801 5867 5881 8861 5869 		5861
1567 1847 5867 1877 7867 8867 		1867
4871 6871 1877 1879 9871 		1871
8161 8461 8761 8821 8863 8867 		8861
2269 2969 		2069
5669 7669 8669 		1669
7369 7669 		7069
8269 8369 8669 8969 		8069
4391 4591 4691 		4091
6491 6691 6791 6991 		6091
9391 9491 9791 		9091
1303 3301 6301 1307 		1301
1607 9601 		1601
		1811
2803 4801 2851 5801 		2801
5801 4871 		4801
5101 5701 5807 5881 		5801
4871 6871 1877 1879 9871 		1871
1907 7901 9901 		1901
4871 6871 1877 1879 9871 		1871
9851 9817 9871 		9811
4871 		4801
4561 4871 		4861
6871 4877 9871 		4871
8821 8837 		8831
		4931
2161 2851 		2861
4561 		4861
5867 5881 5869 		5861
1567 1847 5867 1877 7867 8867 		1867
6871 1877 1879 9871 		1871
8161 8461 8761 8821 8863 8867 		8861
5171 8171 		1171
5471 		1471
1877 7873 1879 		1873
6871 4877 9871 		4871
6271 6841 6971 9871 		6871
1777 1847 3877 4877 7877 1879 		1877
1279 2879 5879 7879 1889 		1879
9371 9851 		9871
8461 		8431
8741 8761 8737 		8731
3821 8521 		8821
8161 8461 8761 8863 8867 		8861
2837 8537 8737 8807 8867 8887 		8837
8819 8849 9839 		8839
1907 7901 9901 		1901
3331 3631 3911 		3931
		4931
9631 9901 9941 		9931
1129 3109 7109 9109 		1109
4409 		1409
5209 5309 		5009
1607 2609 8609 		1609
3709 6709 		1709
8209 8609 		8009
2027 2129 6029 2729 9029 		2029
2269 9239 		2239
2309 2333 4339 2389 2399 		2339
3539 2549 2579 9539 		2539
2269 2969 		2069
2081 2087 2389 2689 6089 2789 		2089
2399 2699 2999 		2099
2909 2969 2999 		2939
1259 1279 		1249
3449 		3049
4349 4549 4649 		4049
1543 2549 4549 1559 7549 		1549
6949 7949 9949 		1949
9029 9349 9059 9649 9749 9949 		9049
4409 		1409
1129 8429 		1429
1259 2459 1559 7459 		1459
7489 1889 		1489
3499 7499 		1499
9239 9539 9479 9839 		9439
5209 5309 		5009
5659 9059 		5059
4639 5659 5669 5689 		5639
5849 5869 5879 9839 		5839
5399 		5099
		5939
2269 2969 		2069
5669 7669 8669 		1669
7369 7669 		7069
8269 8369 8669 8969 		8069
7369 7669 		7069
4639 7649 7669 7699 		7639
6079 7879 		7079
8209 8609 		8009
9059 		8059
3539 8537 8599 9539 		8539
8269 8369 8669 8969 		8069
6089 8081 8087 8389 8689 		8089
8819 8849 9839 		8839
2297 4297 5297 7297 8297 		1297
8191 8297 		8291
7001 		4001
3391 4591 4691 4397 9391 		4391
4561 4691 4597 7591 		4591
3691 6691 7691 		4691
6491 6691 6791 6991 		6091
4799 4999 		4099
9391 9491 9791 		9091
6211 6311 6911 		6011
3491 6421 6481 6691 6791 6991 9491 		6491
3691 6661 6791 7691 6991 		6691
2791 5791 6701 6761 6781 6991 9791 		6791
6911 6961 6971 6997 		6991
9391 9491 9791 		9091
1187 2087 5087 8087 1987 		1087
2297 4297 5297 7297 8297 		1297
1567 4597 8597 		1597
1607 1657 3697 9697 		1697
1907 1987 6997 		1997
7001 9601 9007 9901 		9001
9241 9341 9941 		9041
3391 9341 9371 9491 9397 9791 		9391
3491 9421 9461 9497 9791 		9491
2791 5791 9781 		9791
1303 3301 6301 1307 		1301
1607 9601 		1601
1307 1607 3907 6907 7907 1987 9907 		1907
7001 7907 9901 		7901
9601 9941 9907 		9901
3301 3631 3371 7331 3391 		3331
3637 3671 3691 9631 		3631
6911 3917 		3911
		4931
9631 9941 		9931
4957 		4951
4337 4637 4957 4967 4987 		4937
9631 9941 		9931
4957 		4951
7351 		7951
8941 8971 		8951
9421 9461 9631 		9431
9601 9661 		9631
9601 9941 9907 		9901
8941 9241 9341 9949 		9941
1303 7103 9103 		1103
2153 4153 5153 		1153
1543 7523 		1523
3823 6823 7823 		1823
8623 		8123
2129 4129 7129 		1129
1543 7523 		1523
3823 6823 7823 		1823
3229 4229 1259 6229 1279 7229 		1229
4463 		4423
6473 2477 		2473
8443 8623 8429 		8423
4441 6421 4481 9421 		4421
7523 		4523
4363 		4463
4729 		4723
4481 		4483
8443 8623 8429 		8423
		4493
2153 4153 5153 		1153
1543 6553 1559 		1553
1259 2459 1559 7459 		1459
2543 8543 		1543
7523 		4523
6553 1559 		1553
7573 7583 7823 7529 		7523
3583 7583 		1583
3823 6823 7823 		1823
1307 4327 		1327
2447 4447 1747 1847 8447 		1447
1607 1657 8627 		1627
6421 6827 		6427
1187 7487 1987 		1487
8429 		1429
4729 		4723
7703 7727 7823 7793 		7723
3823 6823 7823 		1823
4481 6481 7481 		1481
4481 		4483
3583 7583 		1583
5443 5683 		5483
1187 7487 1987 		1487
7489 1889 		1489
3023 3323 3803 3821 3853 3863 6823 7823 3923 		3823
6323 6803 6863 6827 7823 6883 6829 		6823
7873 		1873
7853 7873 7883 7829 		7823
8623 		8123
5443 8243 8543 8447 		8443
5623 8627 8629 		8623
8329 8419 8629 8929 		8429
3923 5923 8929 9923 		8923
2129 4129 7129 		1129
3229 4229 1259 6229 1279 7229 		1229
4409 		1409
1259 2459 1559 7459 		1459
7489 1889 		1489
8329 8419 8629 8929 		8429
3499 7499 		1499
		4493
3499 7499 		1499
3323 3343 3373 		3313
5113 5443 5417 5419 		5413
3467 3863 3469 		3463
3083 3581 7583 3593 		3583
2833 3803 3853 3863 		3833
3529 3559 9539 		3539
2593 		3593
9539 		9533
3167 3863 3169 		3163
3467 8461 3469 3491 9461 		3461
4363 		4463
2467 3167 3407 3457 3767 8467 3469 3967 9467 		3467
3803 3853 6863 8863 		3863
3169 3449 6469 3769 3499 		3469
9461 9467 		9463
2833 3803 3853 		3833
3709 3769 3779 		3739
3797 7793 		3793
2333 5333 7331 7393 		7333
2333 2633 2803 2843 2837 		2833
2803 3203 3853 6803 8803 9803 		3803
3023 3323 3821 3853 3923 		3823
3253 3851 7853 		3853
6863 8863 		3863
6803 6863 6883 		6833
9803 9883 9839 		9833
9103 9137 9173 		9133
9103 9203 9803 		9403
9421 9461 		9431
9539 		9533
9461 9467 		9463
2437 5437 9137 9337 9467 9497 		9437
6473 9173 9479 		9473
9803 9883 9839 		9833
9239 9539 9479 9839 		9439
1303 7103 9103 		1103
2143 4153 5153 2953 		2153
4253 5153 4157 4159 		4153
6553 1559 		1553
5113 5653 5953 		5153
4441 4457 4481 		4451
6421 6551 6481 		6451
5471 		1471
7351 7411 7457 7481 7459 		7451
4481 6481 7481 		1481
1259 2459 1559 7459 		1459
2543 8543 		1543
6053 6353 6551 6563 6653 		6553
7583 		1583
1259 3559 7559 		1559
2953 		2753
7703 7757 7853 7759 7793 		7753
8353 8713 		8753
1259 4759 7759 		1759
4481 6481 7481 		1481
4481 		4483
7583 		1583
5443 5683 		5483
1187 7487 1987 		1487
7489 1889 		1489
3259 4259 1279 		1259
4409 		1409
2659 7459 		2459
3559 7559 		1559
4759 7759 		1759
7159 7457 7559 7759 7489 7499 		7459
7489 1889 		1489
3499 7499 		1499
		4493
3499 7499 		1499
4729 		4723
7703 7727 7793 		7723
3709 3769 3779 		3739
3797 7793 		3793
4139 		4133
7703 		4703
4729 		4723
4787 4789 		4783
7793 4799 		4793
2953 		2753
7703 7757 7853 7759 7793 		7753
8353 8713 		8753
4759 7759 		1759
6113 6131 6143 6173 		6133
6203 6701 7703 6803 6709 		6703
6263 6563 6761 6863 		6763
5737 6037 6337 6637 8737 		6737
6803 6863 6883 		6833
7793 		6793
7583 		1583
4787 4789 		4783
5683 5743 		5783
1187 1747 1777 4787 1987 9787 		1787
8713 		8783
2789 4789 7789 1889 		1789
9103 9137 9173 		9133
9539 		9533
5743 9749 		9743
9803 9883 9839 		9833
9239 9539 9719 9749 9769 9839 		9739
5333 2633 2383 2393 		2333
5303 5323 5393 		5333
7351 		7331
2393 5393 7793 		7393
		7963
7537 7907 7927 		7937
7793 		7993
9103 9137 9173 		9133
9103 9203 9803 		9403
9421 9461 		9431
9539 		9533
9461 9467 		9463
2437 5437 9137 9337 9467 9497 		9437
6473 9173 9479 		9473
9803 9883 9839 		9833
9239 9539 9479 9839 		9439
4243 4253 4289 		4283
7583 		1583
7583 7883 		7283
1279 4289 1889 		1289
9203 9281 9883 9293 		9283
3181 1187 9181 		1181
2381 5381 		1381
5471 		1471
4441 6481 7481 		4481
6421 6581 6781 7481 		6481
1187 7487 1987 		1487
7411 7681 7487 7489 		7481
7489 1889 		1489
4243 4253 4289 		4283
4363 		4463
4441 		4481
7583 		4583
5443 5683 		5483
4787 4789 		4783
		4493
2543 8543 		1543
3083 3581 7583 		3583
7583 		4583
7573 7883 7589 		7583
5113 5443 5417 5419 		5413
5441 5743 5843 5449 		5443
2683 5623 5653 5689 		5683
5743 		5783
1187 2087 5087 8087 1987 		1087
3187 7187 1987 9187 		1187
2447 4447 1747 1847 8447 		1447
1747 1777 4787 1987 9787 		1787
7187 7417 7457 7477 7687 7489 		7487
7489 1889 		1489
4987 5987 		1987
4787 4789 		4783
5743 		5783
1747 1777 4787 9787 		1787
8713 		8783
2789 4789 7789 1889 		1789
1279 4289 1889 		1289
4409 		1409
2789 4789 7789 1889 		1789
7589 7789 7499 		7489
3889 4889 		1889
3499 7499 		1499
		4493
3499 7499 		1499
3109 7109 9109 		1109
4909 		4409
1607 2609 8609 		1609
3709 6709 		1709
3499 7499 		1499
2129 4129 7129 		1129
3229 4229 6229 1279 7229 		1229
8329 8419 8629 8929 		8429
3499 7499 		1499
3259 4259 1279 		1259
2659 		2459
3559 7559 		1559
4759 7759 		1759
7159 7457 7559 7759 7499 		7459
3499 7499 		1499
1279 4289 		1289
2789 4789 7789 		1789
7589 7789 7499 		7489
3889 4889 		1889
3499 7499 		1499
2399 5399 		1399
3299 3449 3491 7499 		3499
2699 7699 8699 		1699
7699 		7499
2999 4999 8999 		1999
9209 9539 9839 		9239
5419 8419 9479 9719 		9419
9421 9461 		9431
2437 5437 9137 9337 9467 9497 		9437
9839 		9539
5479 9679 		9479
9719 9749 9769 9839 		9739
9829 9859 		9839
1303 7103 9103 		1103
7103 7793 		7193
4363 		4463
7793 4799 		4793
4999 		4993
2393 2593 2633 2683 2699 		2693
5393 5623 5653 		5693
1607 1657 3697 9697 		1697
8699 		8693
2699 7699 8699 		1699
2399 5399 		1399
3299 3449 3491 		3499
2699 7699 8699 		1699
7699 		7499
2999 4999 8999 		1999
4999 		4993
6997 		1997
7793 		7993
2999 4999 8999 		1999
4139 		4133
2903 5903 4909 		4903
3943 4243 4643 		4943
4337 4637 4957 4967 4987 		4937
		4973
4999 		4993
1303 3373 6373 		1373
7873 		1873
		4973
1279 		1979
9173 9923 		9973
		7963
7537 7907 7927 		7937
7793 		7993
8243 8263 8273 		8233
3923 5923 8929 9923 		8923
8263 8363 8563 8863 8969 		8963
4999 		4993
6997 		1997
7793 		7993
2999 4999 8999 		1999
4139 		4133
6113 6131 6143 6173 		6133
7103 9203 9173 9803 9109 		9103
		9533
2137 3137 9127 9337 9157 9187 		9137
6173 		9173
9803 9883 		9833
7103 9203 9803 9109 		9103
3203 6203 9803 9209 9293 		9203
9461 9467 		9463
6473 		9473
2803 6803 8803 9883 		9803
5113 5417 5419 		5413
9461 9467 		9463
6473 		9473
5419 8419 9719 		9419
5441 5437 5471 		5431
8461 		8431
6421 9221 9521 9461 		9421
8461 9161 9661 9467 		9461
9601 9661 		9631
2437 5437 9337 9467 9497 		9437
3491 9497 		9491
9883 		9833
		9539
4363 		4463
8461 9161 9661 9467 		9461
2467 8467 9067 9767 9497 9967 		9467
6473 		9473
2137 2417 2447 5437 2467 2477 2837 		2437
5407 5417 5477 5737 		5437
2137 3137 9127 9337 9157 9187 		9137
4337 6337 9377 9397 		9337
2467 8467 9067 9767 9497 9967 		9467
9397 9697 		9497
6473 2477 		2473
6173 6373 6673 		6473
6173 		9173
5479 9679 		9479
9923 		9973
5743 9749 		9743
9883 		9833
9719 9749 9769 		9739
2633 2803 2843 2837 		2833
6803 6863 6883 		6833
2803 6803 8803 9883 		9803
6883 7883 9887 		9883
9829 9859 		9839
9209 		9239
5419 8419 9719 		9419
		9539
5479 9679 		9479
9719 9749 9769 		9739
9829 9859 		9839
1303 3301 6301 1307 		1301
3301 3371 3391 		3361
6301 6311 6661 6367 6761 6961 		6361
1307 1567 6367 		1367
2381 5381 		1381
3301 3701 7001 		3001
		3011
3541 		3041
3301 3371 3391 		3361
8461 3491 		3461
3037 3167 6067 3767 3967 9067 		3067
3701 6761 3767 8761 3769 		3761
2161 2851 		2861
4561 		4861
5867 5881 5869 		5861
1567 1847 5867 7867 8867 		1867
8161 8461 8761 8863 8867 		8861
2269 2969 		2069
5669 7669 8669 		1669
7369 7669 		7069
8269 8369 8669 8969 		8069
5303 1307 		1303
7603 7703 7109 		7103
3109 7109 9109 		1109
9109 		9103
		8123
2129 4129 7129 		1129
2143 2953 		2153
4253 4157 4159 		4153
5113 5653 5953 		5153
6113 6143 6263 6563 6173 6863 		6163
3137 5167 3767 3187 8167 3169 3967 		3167
6863 8863 		3863
3109 3769 		3169
2633 2683 		2663
4363 4643 		4663
1567 1607 1657 		1667
8263 8363 8563 8863 8669 		8663
5669 7669 8669 		1669
5113 6143 6173 		6113
6131 6143 6173 		6133
2143 6343 6173 		6143
6203 6563 6863 8263 6269 		6263
5563 6863 8563 6569 		6563
6373 6673 		6173
6761 6863 		6763
6803 6883 8863 6869 		6863
7793 		7193
3203 2503 6203 2207 2803 2903 		2203
6053 2953 		2053
2543 5503 2803 2593 2903 		2503
5303 5503 5903 		5003
2081 2383 3083 2683 2087 		2083
2843 6803 8803 2903 		2803
2953 5903 2909 		2903
2143 2953 		2153
6353 6653 		6053
2953 		2753
2081 2383 3083 2683 2087 		2083
8353 		8053
5953 2957 		2953
2683 		2633
4363 4643 		4663
2383 2687 2689 		2683
8263 8363 8563 8863 8669 		8663
2393 2593 2699 		2693
2969 		2963
2281 2381 2087 8081 		2081
2381 2389 2393 		2383
3023 		3083
2687 2689 		2683
2017 2027 2287 5087 2687 2887 8087 		2087
2389 2689 6089 2789 		2089
2027 2129 6029 2729 9029 		2029
2267 6269 8269 2969 		2269
7369 7669 		7069
2389 2689 6089 2789 		2089
8269 8369 8669 8969 		8069
2399 2699 2999 		2099
2909 4969 8969 2999 		2969
5903 2909 		2903
5953 2957 		2953
		7963
8263 8363 8563 8863 8969 		8963
2909 4969 8969 2999 		2969
		2633
4363 4643 		4663
2687 2689 		2683
8263 8363 8563 8863 8669 		8663
2393 2593 2699 		2693
8363 		4363
		4463
4643 7603 		4603
4243 4649 		4643
6673 7673 4679 		4673
8263 8363 8563 8863 8669 		8663
1307 1567 6367 		1367
4567 		1567
1307 3607 1657 6607 7607 		1607
1657 8627 		1627
3637 4637 1657 6637 		1637
2657 4657 5657 		1657
1847 5867 7867 8867 		1867
5669 7669 8669 		1669
3697 9697 		1697
8243 8363 8563 8273 8863 8269 		8263
8353 8563 8863 8369 		8363
5563 8543 8573 8863 		8563
5623 8627 8629 		8623
8803 8867 		8863
5669 7669 8269 8369 8609 8629 8689 8699 8969 		8669
8699 		8693
8969 		8963
2609 8609 		1609
5569 5659 7669 5689 5869 		5669
7369 7649 7699 		7669
8269 8369 8609 8629 8689 8699 8969 		8669
2699 7699 8699 		1699
2393 2593 2699 		2693
5393 5623 5653 		5693
3697 9697 		1697
8699 		8693
2699 7699 8699 		1699
3109 7109 9109 		1109
5209 5309 		5009
2609 8609 		1609
3709 6709 		1709
8209 8609 		8009
1279 		1249
3449 		3049
4349 4549 4649 		4049
2549 4549 7549 		1549
6949 7949 9949 		1949
9029 9349 9059 9649 9749 9949 		9049
2027 2129 6029 2729 9029 		2029
2267 6269 8269 		2269
7369 		7069
2389 2689 6089 2789 		2089
8269 8369 8969 		8069
2399 2699 2999 		2099
2909 4969 8969 2999 		2969
2609 8609 		1609
5569 5659 5689 5869 		5669
7369 7649 7699 		7669
8269 8369 8609 8629 8689 8699 8969 		8669
2699 7699 8699 		1699
7309 7349 8369 		7369
7649 7699 		7669
6079 7879 		7079
8269 8369 8969 		8069
8209 8609 		8009
9059 		8059
6269 8209 8219 8369 8969 		8269
8329 8389 8969 		8369
8609 8629 8689 8699 8969 		8669
6089 8081 8087 8389 8689 		8089
4969 8929 8999 		8969
7793 		7193
7793 4799 		4793
4799 4999 		4099
4999 		4993
2393 2593 2699 		2693
5393 5623 5653 		5693
3697 9697 		1697
8699 		8693
2699 7699 8699 		1699
5087 8087 		1087
2297 4297 5297 7297 8297 		1297
4597 8597 		1597
3697 9697 		1697
6997 		1997
8353 		8053
8243 8273 8297 9293 		8293
8699 		8693
8803 		8893
4999 		4993
6997 		1997
7793 		7993
2999 4999 8999 		1999
		8123
2129 4129 7129 		1129
3229 4229 6229 1279 7229 		1229
2543 8543 		1543
		4523
7573 7529 		7523
2741 5741 1747 7741 8741 		1741
4729 		4721
9221 9521 9781 		9721
		4523
7703 		4703
4729 		4721
7703 7727 7793 		7723
4787 4789 		4783
2729 4129 4229 4759 4789 4799 		4729
7793 4799 		4793
		2753
7703 7757 7853 7759 7793 		7753
8353 8713 		8753
4759 7759 		1759
7573 7529 		7523
7603 7793 		7703
7757 7853 7759 7793 		7753
3727 7027 7127 7717 7757 7927 		7727
7853 7873 7883 7829 		7823
		7793
4787 4789 		4783
5743 		5783
1747 1777 4787 9787 		1787
8713 		8783
2789 4789 7789 		1789
3023 3323 3821 3923 		3823
6323 6803 6827 6883 6829 		6823
7873 		1873
7853 7873 7883 7829 		7823
3581 		3583
3529 3559 		3539
2593 		3593
4139 		4133
		4703
4787 4789 		4783
4799 		4793
6131 		6133
6203 6701 6803 6709 		6703
6761 		6763
5737 6037 6337 6637 8737 		6737
6803 6883 		6833
		6793
2843 2837 		2833
3203 6803 8803 		3803
3023 3323 3821 3923 		3823
3253 3851 7853 		3853
		3863
6803 6883 		6833
3529 3559 		3539
3109 3209 3701 3769 6709 3779 		3709
2719 3769 6719 3779 8719 9719 		3719
3767 3779 9769 		3769
5779 6779 8779 		3779
9719 9749 9769 		9739
2593 		3593
4799 		4793
		6793
2797 3697 3727 3767 		3797
		7793
5743 9749 		9743
9719 9749 9769 		9739
4253 4157 4159 		4153
6131 		6133
4129 4339 4159 4639 		4139
7603 		4603
6203 6701 6803 6709 		6703
7603 		7703
4787 4789 		4783
4799 		4793
5903 4909 		4903
		4523
		4721
4787 4789 		4783
2729 4129 4229 4759 4789 4799 		4729
4799 		4793
6131 		6133
6203 6701 6803 6709 		6703
6761 		6763
5737 6037 6337 6637 8737 		6737
6803 6883 		6833
		6793
4243 4253 4289 		4283
		4583
5743 		5783
4789 4987 9787 		4787
8713 		8783
2789 4289 4759 7789 4889 4799 		4789
4799 		4793
		6793
		7793
4759 4999 		4799
4999 		4993
5903 4909 		4903
3943 4243 		4943
4337 4637 4957 4967 4987 		4937
		4973
4999 		4993
5743 9749 		9743
9719 9749 9769 		9739
2143 		2153
4253 4157 4159 		4153
5113 5653 5953 		5153
2543 8543 		1543
6353 6551 6653 		6553
3559 7559 		1559
2143 		2153
2711 8713 2719 		2713
7757 7853 7759 		7753
8353 8713 		8753
5953 2957 		2953
3253 4253 7853 		7253
7603 		7703
7057 7457 7717 7759 		7757
7873 7883 		7853
8353 8713 		8753
4759 7159 7559 7789 		7759
		7793
5743 		5783
1747 1777 9787 		1787
8713 		8783
2789 7789 		1789
8353 		8053
6353 		8353
8719 		8713
		8783
3259 4259 1279 		1259
3559 7559 		1559
6709 		1709
4159 4259 		4759
7159 7559 7789 		7759
2789 7789 		1789
5113 		6113
6101 6121 		6131
2143 6343 		6143
6373 6673 		6173
6803 6883 		6833
3203 6803 		6203
3701 5701 6101 6301 6761 6781 6709 		6701
6761 		6763
7603 		7703
6883 8803 		6803
6719 6779 		6709
		6793
6269 		6263
5563 6569 		6563
6661 6781 8761 6961 		6761
6883 6869 		6863
		6793
5717 8737 		5737
3037 6007 6337 6047 6067 6637 		6037
4337 6317 6367 6637 6397 		6337
3637 4637 6607 		6637
8537 8707 8747 		8737
2843 2837 		2833
6883 8803 		6803
6323 6827 6883 6829 		6823
6883 6869 		6863
7883 6983 		6883
2791 5791 6781 		6791
		7793
5743 9749 		9743
9719 9749 9769 		9739
4243 4253 4289 		4283
7883 		7283
1279 4289 		1289
9281 9293 		9283
2543 8543 		1543
3581 		3583
		4583
7573 7883 7589 		7583
4243 4253 4289 		4283
		4583
5743 		5783
4987 9787 		4787
		8783
2789 4289 7789 4889 		4789
5623 5653 5689 		5683
5741 5843 5749 		5743
		8783
5087 8087 		1087
3187 7187 9187 		1187
1777 1847 8747 		1747
2777 		1777
4987 9787 		4787
2789 7789 		1789
4987 5987 		1987
9187 9587 9767 9781 9887 		9787
8719 		8713
1279 4289 		1289
		1709
2389 2689 2719 2729 2749 7789 		2789
4289 7789 4889 		4789
7589 		7789
3889 4889 		1889
5903 4909 		4903
3943 4243 		4943
4337 4637 4957 4967 4987 		4937
		4973
4999 		4993
3373 6373 		1373
7873 		1873
		4973
1279 		1979
9923 		9973
		7963
7537 7907 7927 		7937
		7993
8243 8273 		8233
3923 5923 8929 9923 		8923
		8963
4999 		4993
6997 		1997
		7993
2999 4999 8999 		1999
9109 		9103
2137 3137 9127 9157 9187 		9137
		9173
		9539
5741 5843 5749 		5743
3343 6343 9323 9341 9349 		9343
9649 		9643
2749 5749 9349 9649 9719 9769 9949 		9749
2843 2837 		2833
8803 		9803
7883 9887 		9883
9829 9859 		9839
9209 		9239
		9539
2719 6719 8719 9769 		9719
2749 5749 9349 9649 9769 9949 		9749
9767 		9769
9829 9859 		9839
2129 4129 7129 		1129
3209 7109 9109 		3109
2609 8609 		1609
		1709
7129 7309 7159 9109 		7109
9209 9199 		9109
1279 		1249
3449 		3049
4349 4549 4649 		4049
2549 4549 7549 		1549
6949 7949 9949 		1949
9029 9349 9059 9649 9949 		9049
4909 		4409
2609 8609 		1609
		1709
5303 5503 5903 		5003
3209 5309 5279 8209 9209 		5209
2309 5303 7309 5399 		5309
5659 9059 		5059
8209 8609 		8009
5399 		5099
9601 		1601
1307 3607 6607 7607 		1607
2309 2659 2689 8609 2699 2909 		2609
		1709
8209 8629 8689 8699 		8609
2699 7699 8699 		1699
3209 3701 		3709
6719 6779 		6709
3209 8219 9209 		8209
9059 		8059
8629 8689 8699 		8609
6089 8081 8087 8389 8689 		8089
3329 3359 3389 		3319
2399 5399 		1399
9349 		9319
		3011
5119 		3119
3329 3359 3389 		3319
3449 		3049
6079 		3079
2719 6719 8719 		3719
3389 6089 3889 3989 		3089
3917 3929 3989 		3919
1279 		1249
3449 		3049
4349 4549 4649 		4049
2549 4549 7549 		1549
6949 7949 9949 		1949
9029 9349 9059 9649 9949 		9049
4229 4259 4289 8219 		4219
4349 4549 4649 		4049
4549 5519 		4519
4679 6079 		4079
4999 		4099
4909 4969 4999 		4919
6659 6679 6719 6689 		6619
2699 7699 8699 		1699
9629 9649 9679 9689 		9619
7229 8219 		7219
6079 7879 		7079
7949 		7919
2017 7027 2927 		2027
4129 2179 2729 7129 		2129
6229 6329 6529 6079 6089 6829 9029 		6029
2719 2749 		2729
2389 2689 6089 		2089
2399 2699 2999 		2099
9059 9629 9829 9929 		9029
2137 2207 2267 2287 2837 2297 		2237
2309 4339 2389 2399 		2339
2549 2579 		2539
2267 6269 		2269
2909 2999 		2939
9209 		9239
7309 2389 2399 2909 		2309
2393 		2333
4337 4349 4639 		4339
2549 2579 		2539
2381 3389 2689 6389 8389 2399 		2389
2393 5399 2699 2999 		2399
2909 2999 		2939
3529 3559 		3539
2543 4549 2579 2749 7549 		2549
2179 2879 		2579
8537 8599 		8539
2909 2999 		2939
		9539
5659 9059 		5059
4639 5659 5689 		5639
5849 5869 5879 		5839
5399 		5099
		5939
2267 6269 		2269
2689 6089 		2089
2699 2999 		2099
2909 4969 2999 		2969
4639 7649 7699 		7639
6079 7879 		7079
2281 2381 8081 		2081
2017 2287 5087 2687 2887 8087 		2087
2381 3389 2689 6389 8389 		2389
3389 6089 3889 3989 		3089
2659 2687 5689 6689 8689 2699 9689 		2689
6079 6389 6689 		6089
2719 2749 		2789
8081 8087 8389 8689 		8089
2699 2999 		2099
9059 		8059
8537 8599 		8539
8081 8087 8389 8689 		8089
8819 8849 		8839
2393 5399 2699 2999 		2399
4999 		4099
5399 		5099
2659 7699 8699 2999 		2699
2909 4999 8999 		2999
4909 		2909
		5939
4969 		2969
4999 8999 		2999
3229 4229 6229 1279 7229 		1229
3259 4259 1279 		1259
4549 7549 		1549
5279 		1279
4289 		1289
6949 7949 9949 		1949
3541 		3041
5449 6449 		3449
4349 4549 4649 		4049
6079 		3079
3389 3889 3989 		3089
9349 9059 9649 9949 		9049
4549 4649 7349 9349 		4349
4547 4649 7549 		4549
4639 4679 7649 9649 		4649
4679 6079 		4079
4999 		4099
9349 9059 9649 9949 		9049
2543 8543 		1543
2543 2749 7549 		2549
4547 7549 		4549
3559 7559 		1559
		1579
7349 7529 7541 7547 7559 7649 7589 7949 		7549
6949 7949 9949 		1949
6449 6947 6959 7949 9949 		6949
		1979
7349 7649 9949 		7949
4999 8999 		1999
9349 9649 9929 		9949
9059 9629 9829 9929 		9029
9241 9341 		9041
7349 9341 9649 		9349
9859 		9059
7649 9629 9679 9689 		9649
2749 5749 		9749
9929 		9949
4909 		4409
4129 7129 		1129
3229 4229 6229 7229 		1229
8329 8419 8629 8929 		8429
3259 4259 		1259
2659 		2459
3559 7559 		1559
7159 7457 7559 		7459
4289 		1289
7589 		7489
3889 4889 		1889
5399 		1399
3299 3491 		3499
7699 8699 		1699
7699 		7499
4999 8999 		1999
9209 		9239
5419 8419 		9419
		9539
5479 9679 		9479
9829 9859 		9839
5303 5503 5903 		5003
3209 5279 9209 		5209
5303 7309 5399 		5309
5659 		5059
5399 		5099
2659 3659 5653 5657 6659 5689 		5659
		8059
5399 		5099
9859 		9059
4637 4679 		4639
2659 3659 5653 5657 6659 5689 		5659
5569 5689 5869 		5669
7649 7699 		7639
5189 6689 8689 9689 		5689
5849 5869 5879 		5839
		5939
7649 7699 		7639
6079 7879 		7079
5449 5749 5843 5869 5879 8849 		5849
5569 5867 6869 5879 		5869
2879 5179 5279 5479 5779 7879 		5879
8819 8849 		8839
		5939
9829 9859 		9839
		8059
8537 8599 		8539
8081 8087 8389 8689 		8089
8819 8849 		8839
4999 		4099
5393 		5399
2267 6269 		2269
4969 		2969
5569 		5669
7649 7699 		7669
8629 8689 8699 		8669
7699 8699 		1699
7309 7349 		7369
7649 7699 		7669
6079 7879 		7079
		8059
6269 8219 		8269
8329 8389 		8369
8629 8689 8699 		8669
8081 8087 8389 8689 		8089
4969 8929 8999 		8969
7229 8219 		7219
6079 7879 		7079
		7919
7309 7349 		7369
7649 7699 		7669
6079 7879 		7079
4637 4679 		4639
7349 7699 		7649
7699 		7669
7691 8699 		7699
6079 		3079
4679 6079 		4079
6379 6679 6779 		6079
2879 7829 7873 7877 		7879
		8059
8537 8599 		8539
8081 8087 8389 8689 		8089
8819 8849 		8839
3209 8219 9209 		8209
		8059
8629 8689 8699 		8609
8081 8087 8389 8689 		8089
		8053
8081 8087 8389 8689 		8089
9859 		9059
3529 3559 		3539
7537 8527 8597 		8537
8819 8849 		8839
6599 8597 8699 8999 		8599
		9539
6269 8219 		8269
8329 8389 		8369
8629 8689 8699 		8669
8081 8087 8389 8689 		8089
4969 8929 8999 		8969
3389 3889 3989 		3089
6389 6689 		6089
8581 8681 8087 		8081
5087 8017 8287 8387 8887 		8087
3389 6389 8329 8387 8689 		8389
6689 8629 8681 8699 9689 		8689
2819 8219 8419 8719 8849 		8819
2837 8807 8867 8887 		8837
		8849
9829 9859 		9839
2297 4297 5297 7297 8297 		1297
8191 8297 		8291
7001 		4001
3391 4397 		4391
4561 4597 7591 		4591
3691 7691 		4691
4999 		4099
6211 6311 6911 		6011
3491 6421 		6491
3691 6661 7691 		6691
2791 5791 6781 		6791
6911 6961 6971 6997 		6991
5087 		1087
2297 4297 5297 7297 8297 		1297
4597 8597 		1597
3697 9697 		1697
6997 		1997
7001 9601 9007 		9001
9241 9341 		9041
3391 9341 9371 9397 		9391
3491 		9491
2791 5791 9781 		9791
5303 1307 		1303
7603 		7103
		9103
		8123
4129 7129 		1129
2143 		2153
4253 4157 4159 		4153
5113 5653 5953 		5153
2393 2593 		2693
5393 5623 5653 		5693
3697 9697 		1697
8699 		8693
8699 		1699
7603 		7103
2393 5393 		7393
		7793
		7993
4999 		4993
6997 		1997
		7993
4999 8999 		1999
		4463
4999 		4993
2393 2593 		2693
5393 5623 5653 		5693
3697 9697 		1697
8699 		8693
8699 		1699
		1399
3299 3491 		3499
8699 		1699
		7499
4999 8999 		1999
4999 		4993
6997 		1997
		7993
4999 8999 		1999
7001 		4001
5303 5503 5903 		5003
7603 		4603
4507 6007 9007 		4007
5903 4909 		4903
4243 4253 5273 8273 		4273
3373 6373 		4373
6673 7673 4679 		4673
6373 6673 		6073
4679 		4079
		4973
7001 		4001
3391 4397 		4391
4561 4597 7591 		4591
3691 7691 		4691
4999 		4099
		4463
4999 		4993
		7793
4999 		4799
4999 		4993
		8053
8243 8273 8297 9293 		8293
8699 		8693
8803 		8893
4679 		4079
4999 		4799
4909 4969 8999 		4999
5903 4909 		4903
3943 4243 		4943
		4973
		7993
4909 4969 8999 		4999
2393 2593 2297 9293 		2293
2593 5393 		2393
2543 		2593
		2633
2687 		2683
5393 5623 5653 		5693
8699 		8693
2659 8699 		2699
5303 5323 		5393
5323 5653 5923 		5623
6653 5657 5953 		5653
		5683
8699 		8693
2297 4297 5297 7297 8297 		1297
4597 8597 		1597
1307 3607 6607 7607 		1607
8627 		1627
3637 4637 		1637
2657 4657 5657 		1657
3607 3637 3677 3691 9697 		3697
8699 		1699
6997 		1997
9397 9677 		9697
8243 8273 8297 9293 		8293
8627 8629 		8623
8803 		8893
8629 8999 		8699
		1399
2659 		2699
7691 		7699
8629 8999 		8699
8999 		1999
6997 		1997
		7993
8999 		1999
3187 7187 9187 		1187
2017 2287 5087 2687 2887 		2087
5077 5387 5987 		5087
8017 8287 8387 8887 		8087
4987 5987 		1987
6277 9277 		1277
2207 2267 2287 4297 5297 2797 7297 2897 8297 		2297
4397 4597 5297 7297 8297 		4297
4597 8597 		1597
5197 5227 7297 5897 8297 		5297
7207 7247 8297 		7297
8287 8597 		8297
6997 		1997
4567 		1567
4397 4507 4547 4567 8597 		4597
8527 		8597
6997 		1997
1307 3607 6607 7607 		1607
8627 		1627
3637 4637 		1637
2657 4657 5657 		1657
3607 3637 3677 3691 		3697
6997 		1997
9397 9677 		9697
1307 3907 6907 7907 9907 		1907
4987 5987 		1987
6197 6397 6907 6917 6947 6967 6977 		6997
8999 		1999
6353 6653 		6053
6353 		8353
9293 		2293
8243 8273 		8233
4243 8543 8273 		8243
8273 		8263
5273 8573 		8273
8191 		8291
8287 		8297
8803 		8893
		9293
8627 8629 		8623
8803 		8893
8629 8999 		8699
8807 		8803
8867 		8863
3373 6373 		1373
7873 		1873
		4973
		1979
9923 		9973
5903 4909 		4903
3943 4243 		4943
		4973
		7993
4909 4969 8999 		4999
1307 3907 6907 7907 9907 		1907
4987 5987 		1987
6197 6397 6907 6917 6947 6967 6977 		6997
8999 		1999
		7393
		7793
		7963
		1399
		1979
8999 		2999
4909 4969 8999 		4999
8929 		8999
3373 6373 		1373
7873 		1873
		4973
		1979
9923 		9973
3301 6301 1307 		1301
9601 		1601
1307 3907 6907 7907 9907 		1907
7001 7907 		7901
9601 9907 		9901
3301 3371 3391 		3331
3637 3671 3691 		3631
6911 3917 		3911
4957 		4951
4337 4637 4957 4967 4987 		4937
4957 		4951
7351 		7951
8941 8971 		8951
9601 9661 		9631
9601 9907 		9901
8941 9241 9341 		9941
4253 4157 4159 		4153
4129 4159 		4139
5903 		2903
7603 		4603
3943 4243 		4943
5303 5503 5923 5953 		5903
		4973
4969 		4909
4957 		4951
4337 4637 4957 4967 4987 		4937
3343 3923 3947 		3943
4253 		4243
		4643
		4973
4327 4357 4637 4397 		4337
3637 4657 		4637
2957 4157 4357 4457 4657 4967 4987 		4957
3967 4567 6967 4987 4969 9967 		4967
7537 7907 7927 		7937
5987 		4987
4253 5273 		4273
3373 6373 		4373
6673 7673 4679 		4673
9923 		9973
		7963
7537 7907 7927 		7937
		8233
3923 5923 8929 9923 		8923
		8963
4969 		4999
5303 1307 		1303
3323 3343 3371 6373 		3373
6373 		4373
6323 6343 6353 6673 6379 		6373
7873 		1873
1847 3877 4877 7877 		1877
7573 7673 7877 7883 		7873
2879 		1879
4253 5273 		4273
		4373
6673 7673 4679 		4673
9923 		9973
5279 		1279
		1579
2879 		1879
		9173
3923 5923 9323 9929 		9923
		2333
5303 5323 		5333
7351 		7331
		7393
		8963
7207 7247 7537 		7237
7507 7517 7547 7577 		7537
3907 6907 7207 7307 7507 7607 7927 9907 		7907
2927 5927 7027 7127 		7927
		8233
3923 5923 8929 		8923
		8963
		7393
		7793
5273 		5233
8543 		8243
		8263
8287 		8237
5273 8573 		8273
3023 3323 5923 3929 		3923
5323 5953 5927 		5923
		8123
8627 8629 		8623
		8963
3929 8329 8629 9929 		8929
9323 9929 		9923
		8263
		8363
5563 8543 8573 		8563
8867 		8863
4969 		8969
4969 		4999
1307 3907 6907 9907 		1907
5987 		1987
6197 6397 6907 6917 6947 6967 6977 		6997
		7393
		7793
		1399
		2999
4969 		4999
		8999
		8123
4129 7129 		1129
2543 8543 		1543
		4523
7573 7529 		7523
4253 4289 		4283
7883 		7283
4289 		1289
9281 		9283
3023 3323 3821 		3823
6323 6827 6829 		6823
7883 7829 		7823
4129 7129 		1129
3209 3221 3329 4229 3259 3529 6229 7229 3299 3929 		3229
4129 4259 6229 7229 4289 		4229
3259 4259 		1259
6221 6329 6529 6269 7229 6829 6299 		6229
5279 		1279
7129 7529 7829 		7229
4289 		1289
2311 2141 2411 4111 2161 2711 8111 		2111
2141 2543 2843 		2143
		2153
5119 		5113
		6113
2711 2719 		2713
3253 3209 		3203
2543 2843 		2243
2543 5503 		2503
		6203
2267 2707 7207 2287 		2207
5273 		2273
2843 		2803
		2293
		2903
9209 		9203
2141 2543 2843 		2143
4253 		4243
2843 8543 		2543
5273 		2273
7247 		7243
5843 		2843
8543 		8243
		2293
2477 		2473
4253 5273 		4273
5573 5279 		5273
8573 		8273
		2293
2311 2411 2741 5711 2719 2791 		2711
8719 		8713
2749 6719 2819 8719 		2719
6211 7411 		7211
7247 		7243
3253 4253 		7253
7883 		7283
8219 		7219
		2393
		2593
2267 2287 2797 2897 		2297
		9293
3323 3343 		3313
3023 3323 		3623
3343 		3643
2617 3517 3607 3637 3677 3917 		3617
3671 6673 3677 7673 		3673
6659 6679 6719 6689 		6619
9629 9679 9689 		9619
9323 9629 		9623
		9643
9629 9679 9689 		9619
3187 7187 9187 		1187
8017 8111 8317 8147 8167 		8117
2137 2267 2287 2837 		2237
5227 		5237
3637 		1637
6277 9277 		1277
7207 7247 		7237
8287 		8237
		4217
3251 3253 3457 3557 6257 3259 9257 		3257
3527 3547 3557 7517 3917 		3517
2617 3607 3637 3677 3917 		3617
6211 6317 6247 6257 6277 6287 6917 		6217
2917 3907 3947 3967 6917 		3917
4111 6211 		4211
4507 4547 4567 7517 		4517
6211 6317 6247 6257 6277 6287 6917 		6217
4877 7817 9817 		4817
4259 4289 8219 		4219
4397 		4297
6221 6311 6271 6911 		6211
6311 6367 8317 6397 6917 		6317
6047 6257 6547 6277 7247 6287 6947 		6247
6277 6287 6857 9257 		6257
6271 6577 6287 6977 9277 		6277
2287 8287 		6287
2917 6907 6911 6947 6967 6977 		6917
6271 6577 6977 9277 		6277
2777 		1777
1847 3877 4877 7877 		1877
5279 		1279
9227 9257 9377 9677 		9277
2267 2287 2797 2897 		2297
4397 		4297
5197 5227 5897 		5297
7207 7247 		7297
8287 		8297
4111 		4211
6221 6311 6271 6911 		6211
2411 7417 		7411
8219 		7219
4253 		4243
3253 4253 		7253
7603 7673 		7643
7207 7547 		7247
7883 		7283
8543 		8243
3251 4253 3259 		3253
4259 		4253
7883 		7283
7883 		7853
4289 		4283
7573 7883 7589 		7583
		7883
9281 		9283
4259 4289 8219 		4219
7129 7529 7829 		7229
8419 8719 		8219
		7919
		4243
4259 		4253
		4273
		4583
4259 4889 		4289
9281 		9283
8543 		1543
3581 		3583
		4583
7573 7589 		7583
7573 7589 		7583
		7883
9281 		9283
3259 4259 		1259
5279 		1279
4259 4889 		4289
3889 4889 		1889
9209 		9203
2281 9181 9221 9241 9781 		9281
9887 		9883
		9293
5503 		2503
5303 5503 		5003
		2803
		2903
3301 3701 7001 		3001
		4201
4507 6007 9007 		4007
		7001
		4801
9601 9007 		9001
3023 5323 		5023
5323 5503 		5303
5563 5507 5573 		5503
5953 		5903
		4643
6673 7673 4679 		4673
7607 7673 		7603
4127 4327 7027 		4027
4157 4357 4457 4657 7057 		4057
4547 5507 4567 7507 		4507
6047 6067 6607 6907 9007 		6007
9067 9907 		9007
		4273
		4373
6673 7673 4679 		4673
6673 		6073
4679 		4079
		7703
		2903
5953 		5903
4969 		4909
7573 7529 		7523
		4583
3527 3547 3557 7517 		3517
4547 5507 4567 7507 		4507
3547 4447 4567 6547 7547 9547 		4547
4561 		4567
7417 7507 7547 7577 7717 7817 		7517
4877 7817 9817 		4817
5519 		4519
4397 		4597
3581 		3583
7573 7589 		7583
5843 		5813
4877 7817 9817 		4817
8573 		8543
5563 8573 		8563
5573 7573 		8573
8719 		8713
4259 		4219
		4549
5119 5419 5569 		5519
4969 		4919
		4243
4259 		4253
3271 6271 		4271
		4373
5573 5279 		5273
6673 7673 4679 		4673
		8273
3323 3343 3371 		3373
		4363
6673 7673 4679 		4673
6323 6343 6353 6673 6379 		6373
3671 6673 3677 7673 		3673
		4643
6653 7673 6679 		6673
7573 		7673
6679 9679 		4679
6343 6047 		6043
6353 6653 		6053
		6173
6323 6343 6353 6379 		6373
		6473
6653 6679 		6673
6379 6679 6779 		6079
		3079
6679 9679 		4679
6379 6679 6779 		6079
6343 6047 		6043
		7643
		7919
5119 		5113
5417 5419 		5413
		5843
3877 4177 7877 		4877
7417 7717 7867 7877 9817 		7817
9857 9887 		9817
		3011
5119 		3119
3329 3359 3389 		3319
		3079
6719 8719 		3719
3389 3889 3989 		3089
3929 3989 		3919
4111 		4211
4129 4259 		4229
3259 4159 		4259
4889 		4289
8419 8719 		8219
4969 		4919
7349 		4349
		4549
		4649
		4549
5119 5419 5569 		5519
4969 		4919
		3079
6679 9679 		4679
6379 6679 6779 		6079
		7919
		4799
4969 		4999
3929 3989 		3919
4969 		4909
		4969
		7919
		4999
3391 4397 		4391
4561 7591 		4591
3691 7691 		4691
		4463
		7793
		4799
		4799
		4999
		4999
2311 2411 2017 		2011
		3011
5711 		5011
6311 6911 		6011
8111 8311 8017 		8011
9601 		9001
2311 6311 8311 9341 9371 		9311
9241 9341 		9041
9521 9551 		9511
9851 		9811
6343 6047 		6043
9241 9341 		9041
3343 6343 9323 9341 		9343
		9643
5417 5419 		5413
5419 8419 		9419
9323 9629 		9623
		9643
9629 9679 9689 		9619
3301 6301 1307 		1301
3301 3371 3391 		3361
6301 6311 6661 6367 6961 		6361
1307 6367 		1367
2381 5381 		1381
3301 3701 		3001
		3011
3541 		3041
3301 3371 3391 		3361
8461 3491 		3461
3037 6067 3767 3967 9067 		3067
3701 3767 8761 		3761
2161 2851 		2861
4561 		4861
5867 5881 		5861
1847 5867 7867 8867 		1867
8161 8461 8761 8867 		8861
1307 		1303
		7103
		9103
		8123
4129 7129 		1129
		2153
4157 4159 		4153
5953 		5153
3137 5167 3767 3187 8167 3967 		3167
		3863
		3169
		6113
6343 		6143
6269 		6263
5563 6569 		6563
		6173
6869 		6863
		2503
		2803
		2903
		2153
6353 6653 		6053
5953 2957 		2953
		2633
2687 		2683
2281 2381 		2081
2381 		2383
3023 		3083
2687 		2683
2017 2287 2687 2887 		2087
2267 6269 		2269
		2969
		2903
5953 2957 		2953
		2969
		2633
2687 		2683
		4363
		4463
		4643
1307 6367 		1367
		1567
1307 3607 6607 7607 		1607
8627 		1627
3637 		1637
2657 4657 5657 		1657
1847 5867 7867 8867 		1867
		8263
		8363
5563 		8563
8627 8629 		8623
8867 		8863
8629 		8669
5569 		5669
		7669
8629 		8669
2267 6269 		2269
		2969
5569 		5669
		7669
8629 		8669
7309 7349 		7369
		7669
6269 		8269
8329 		8369
8629 		8669
		8969
3023 3343 5323 6323 3329 9323 		3323
6343 3347 		3343
3371 		3373
3329 3359 3389 		3319
5417 5419 		5413
		3023
5323 6323 3329 9323 		3323
		3643
5323 		5623
3671 3677 		3673
3821 		3823
8627 8629 		8623
3929 		3923
9323 9629 		9623
6343 3347 		3343
		4643
3671 3677 		3673
		7643
3947 		3943
		9643
2017 2417 2647 2657 2677 2687 2917 		2617
3527 3547 3557 		3517
3307 3407 3637 6607 3677 7607 3907 		3607
3037 3137 3677 		3637
2677 3671 3877 8677 9677 		3677
3691 		3697
2917 3907 3947 3967 		3917
3371 		3373
2671 3271 3371 3691 		3671
6653 6679 		6673
2677 3877 8677 9677 		3677
7573 		7673
9323 9629 		9623
		9643
9629 9679 9689 		9619
		2633
2687 		2683
		4363
		4463
		4643
1307 6367 		1367
		1567
1307 6607 7607 		1607
8627 		1627
		1637
2657 4657 5657 		1657
1847 5867 7867 8867 		1867
		8263
		8363
5563 		8563
8627 8629 		8623
8867 		8863
8629 		8669
5569 		5669
		7669
8629 		8669
3329 3359 3389 		3319
		1399
		9319
9601 		1601
1307 6607 7607 		1607
2659 		2609
8629 		8609
5569 		5669
		7669
8629 		8669
2659 3659 6359 6653 6679 6689 6959 		6659
6379 6779 6689 9679 		6679
6779 8719 		6719
6389 9689 		6689
9629 9679 9689 		9619
		1399
2659 		2699
7691 		7699
8629 		8699
		9319
5419 8419 		9419
8629 9679 9689 9829 9929 		9629
9679 9689 		9649
9677 9689 		9679
8719 		9719
		9689
		2393
		2593
		2633
2687 		2683
2659 		2699
5323 		5393
5323 		5623
6653 5657 5953 		5653
		5683
1307 6607 7607 		1607
8627 		1627
		1637
2657 4657 5657 		1657
3691 		3697
9397 9677 		9697
8627 8629 		8623
8629 		8699
		1399
2659 		2699
7691 		7699
8629 		8699
5417 5419 		5413
5419 8419 		9419
5323 		5623
8627 8629 		8623
5323 6323 		9323
		9643
8629 9829 9929 		9629
9929 		9923
		4643
		7643
6343 9341 		9343
		9649
		9319
5419 8419 		9419
8629 9829 9929 		9629
		9649
9677 		9679
8719 		9719
		9689
4111 		4211
6221 6311 6271 6911 		6211
2411 7417 		7411
		4243
		7643
7207 7547 		7247
		8243
3251 3259 		3253
		4253
		7853
7573 7589 		7583
		7883
7129 7529 7829 		7229
8419 8719 		8219
		7919
6343 		6143
6323 6353 		6343
6353 6653 		6053
6547 6067 6947 		6047
		4243
		7643
7207 7547 		7247
		8243
		4643
7607 		7603
7573 		7673
7349 		7649
9241 9341 		9041
9341 		9343
		3011
5119 		3119
3329 3359 3389 		3319
		3079
8719 		3719
3389 3889 3989 		3089
3929 3989 		3919
7129 7529 7829 		7229
8419 8719 		8219
		7919
7309 7349 		7369
		7669
		3079
6379 6779 		6079
2879 7829 7877 		7879
3929 3989 		3919
7349 		7949
2311 2411 2017 		2011
		3011
5711 		5011
6311 6911 		6011
8111 8311 8017 		8011
9601 		9001
2311 6311 8311 9341 9371 		9311
9241 9341 		9041
9521 9551 		9511
9851 		9811
9241 9341 		9041
9341 		9343
5417 5419 		5413
5419 8419 		9419
4129 7129 		1129
3209 		3109
7129 7309 7159 		7109
9209 9199 		9109
		4409
3209 5279 9209 		5209
7309 		5309
9601 		1601
1307 6607 7607 		1607
2659 		2609
8629 		8609
3209 3701 		3709
6779 		6709
3209 9209 		8209
8629 		8609
5119 		3119
3359 3529 6329 3389 8329 3929 		3329
3259 3559 3659 6359 3389 		3359
8719 		3719
6389 3889 3989 		3389
3929 3989 		3919
		9319
		2399
		5399
2311 6311 8311 9341 9371 		9311
7349 9341 		9349
5419 8419 		9419
8719 		9719
2311 2411 2017 		2011
3301 3701 		3001
3541 		3041
3541 3581 		3511
5711 		5011
6311 6911 		6011
8111 8311 8017 		8011
6911 		3911
3209 		3109
5419 5179 5189 		5119
		3169
8719 		3719
3929 3989 		3919
3529 6329 8329 3929 		3329
3259 3559 3659 6359 		3359
8719 		3719
6389 3889 3989 		3389
3929 3989 		3919
3541 		3041
5449 6449 		3449
		3079
3889 3989 		3089
6379 6779 		6079
5779 6779 8779 		3779
3889 3989 		3089
2749 2819 8719 		2719
3209 3701 		3709
3767 		3769
6779 8719 		6719
5779 6779 8779 		3779
8419 8779 		8719
3929 3989 		3919
		9719
		3083
6389 3889 3989 		3389
6389 		6089
3881 4889 3989 		3889
3929 		3989
6911 		3911
2917 3907 3947 3967 		3917
3529 9929 		3929
		3989
3259 		1259
5279 		1279
3541 		3041
5449 6449 		3449
7349 		4349
		4549
		4649
		1543
2749 		2549
		4549
3559 7559 		1559
		1579
7349 7529 7541 7547 7559 7589 		7549
6449 6947 6959 		6949
7349 		7949
9929 		9949
9829 9929 		9029
9241 9341 		9041
7349 9341 		9349
9859 		9059
		9649
2749 5749 		9749
9929 		9949
4111 		4211
4129 		4229
3259 4159 		4259
4889 		4289
8419 		8219
7349 		4349
		4549
		4649
		4549
5419 5569 		5519
		4679
6379 6779 		6079
		4799
		4999
		4909
		4969
		4999
2267 6269 		2269
		2969
5569 		5669
		7669
8629 		8669
7309 7349 		7369
		7669
6269 		8269
8329 		8369
8629 		8669
		8969
9601 		1601
1307 6607 7607 		1607
2659 		2609
8629 		8609
5569 		5669
		7669
8629 		8669
2659 3659 6359 6653 6959 		6659
6379 6779 		6679
6779 		6719
6389 		6689
2659 		2699
7691 		7699
8629 		8699
5419 8419 		9419
8629 9829 9929 		9629
		9649
9677 		9679
		9719
		9689
7129 7529 7829 		7229
8419 		8219
7309 7349 		7369
		7669
6379 6779 		6079
2879 7829 7877 		7879
7349 		7949
8191 		8291
3391 4397 		4391
4561 7591 		4591
3691 7691 		4691
6311 6911 		6011
3491 6421 		6491
3691 6661 7691 		6691
2791 5791 6781 		6791
6911 6961 6971 		6991
9601 		9001
9241 9341 		9041
3391 9341 9371 9397 		9391
3491 		9491
2791 5791 9781 		9791
1307 		1303
		7103
		9103
		8123
4129 7129 		1129
		2153
4157 4159 		4153
5953 		5153
		7103
		7393
		7793
		4463
3299 3491 		3499
		7499
3391 4397 		4391
4561 7591 		4591
3691 7691 		4691
		4463
		7793
		4799
		4799
		4999
		4999
		2393
		2593
		2633
2687 		2683
2659 		2699
5323 		5393
5323 		5623
6653 5657 5953 		5653
		5683
1307 6607 7607 		1607
8627 		1627
		1637
2657 4657 5657 		1657
3691 		3697
9397 9677 		9697
8627 8629 		8623
8629 		8699
2659 		2699
7691 		7699
8629 		8699
3187 7187 9187 		1187
2017 2287 2687 2887 		2087
5077 5387 5987 		5087
8017 8287 8387 8887 		8087
5987 		1987
2267 2287 2797 2897 		2297
4397 		4297
5197 5227 5897 		5297
7207 		7297
8287 		8297
		1567
4397 		4597
8527 		8597
1307 6607 7607 		1607
8627 		1627
		1637
2657 4657 5657 		1657
3691 		3697
9397 9677 		9697
1307 3907 6907 9907 		1907
5987 		1987
6197 6397 6907 6947 6967 6977 		6997
6353 6653 		6053
6353 		8353
		8243
		8263
		8273
8191 		8291
8287 		8297
		9293
8627 8629 		8623
8629 		8699
8807 		8803
8867 		8863
		4999
1307 3907 6907 9907 		1907
5987 		1987
6197 6397 6907 6947 6967 6977 		6997
		7393
		7793
		2999
		4999
		8999
1307 		1303
3371 		3373
6323 6353 6379 		6373
1847 3877 7877 		1877
7573 7877 		7873
2879 		1879
5279 		1279
		1579
2879 		1879
		9173
9929 		9923
		4999
1307 3907 6907 9907 		1907
5987 		1987
6197 6397 6907 6947 6967 6977 		6997
		7393
		7793
		2999
		4999
		8999
2311 2141 2411 4111 2161 8111 		2111
2341 2411 2351 6311 2371 2381 8311 		2311
2441 2417 		2411
5711 		5011
6311 6911 		6011
2417 8017 2917 		2017
2741 5711 2791 		2711
2281 2381 		2081
8111 8311 8017 		8011
3301 3701 		3001
3541 		3041
3541 3581 		3511
5711 		5011
6311 6911 		6011
8111 8311 8017 		8011
6911 		3911
6311 6911 		6011
5701 5741 5717 5791 		5711
5381 5881 5981 		5081
8111 8311 8017 		8011
6221 6311 6271 6911 		6211
6301 8311 6911 		6311
8111 8311 8017 		8011
6961 6971 		6911
4111 8101 8311 8161 8171 8191 		8111
8317 		8311
8317 		8017
8581 8681 		8081
3301 3701 		3001
		7001
9241 9341 		9041
9661 		9601
9067 9907 		9007
9907 		9901
2341 2351 2371 2381 		2311
6301 		6311
8317 		8311
2341 9241 9371 		9341
9521 9551 		9511
2371 3371 9377 		9371
9851 		9811
3391 9397 		9391
3541 		3041
9221 		9241
2341 		9341
8941 		9941
3541 3581 		3511
6521 8521 9221 9551 		9521
6551 9851 		9551
9851 		9811
2851 3851 9857 9859 		9851
9857 9887 		9817
		9871
3391 9397 		9391
3491 		9491
2791 5791 9781 		9791
		6143
6323 6353 		6343
6353 6653 		6053
6547 6067 6947 		6047
3541 		3041
9221 		9241
2341 		9341
8941 		9941
3347 		3343
6323 6353 		6343
5323 6323 		9323
2341 		9341
7349 		9349
		4643
		9649
5741 5749 		5743
2749 5749 		9749
9829 9929 		9029
7349 		9349
9859 		9059
		9649
2749 5749 		9749
9929 		9949
5417 5419 		5413
		5113
5441 5449 		5443
2417 5407 5477 5717 7417 5419 		5417
5449 5479 8419 		5419
		9103
9209 		9203
		9803
		4463
8461 9161 9661 		9461
2467 8467 9067 9767 9967 		9467
2477 		2473
		6473
		9173
5479 		9479
5449 5479 8419 		5419
		8419
5479 		9479
		9719
5323 		5623
8627 8629 		8623
5323 6323 		9323
8629 9829 9929 		9629
9929 		9923
		4643
		9649
8629 9829 9929 		9629
		9649
9677 		9679
		9719
		9689
1307 		1303
6301 3307 3371 3701 3391 		3301
		1601
6101 		6301
3307 7307 		1307
2381 5381 		1381
3371 3391 		3361
6661 6367 6961 		6361
6367 		1367
2381 5381 		1381
		1601
2221 2671 		2621
		4621
8627 		1627
7121 7681 7691 		7621
3307 7307 		1307
4127 4357 4397 		4327
6367 		1367
8627 		1627
2741 5741 7741 8741 		1741
		4721
9221 9781 		9721
3121 6121 7127 7129 		7121
7351 		7331
2351 		7351
7681 7691 		7621
3181 9181 		1181
2281 2341 2351 2371 5381 		2381
5387 5881 5981 		5381
3701 		3001
		4201
		7001
		4801
2441 5441 4447 		4441
4457 		4451
		4621
6121 6221 6521 		6421
		4721
		4481
9221 		9421
4457 		4451
4657 		4651
4157 4357 4457 4657 7057 		4057
		4751
		4951
5323 		5023
6521 5527 8521 		5521
5881 5981 		5081
3821 5827 5881 		5821
2221 2671 		2621
4657 		4651
		4721
7681 7691 		7621
3691 7691 		4691
7027 2927 		2027
4157 4177 7127 4129 9127 		4127
4357 4397 		4327
4157 4357 4457 4657 7057 		4057
7127 7057 		7027
		4751
4129 		4729
9221 9781 		9721
3391 4397 		4391
4561 7591 		4591
3691 7691 		4691
6101 6121 6551 		6151
5171 8171 		1171
7159 		7151
3181 9181 		1181
9161 9157 9181 		9151
4457 		4451
6551 		6451
5471 		1471
7457 		7451
4457 		4451
4657 		4651
4157 4357 4457 4657 7057 		4057
		4751
		4951
2351 		5351
5641 5657 		5651
5881 5981 		5081
2851 3851 5857 5881 		5851
		4951
		7951
8941 8971 		8951
5701 5741 5717 5791 		5711
5881 5981 		5081
		3023
6323 		5323
		5623
5953 5927 		5923
2351 		5351
5641 5657 		5651
5881 5981 		5081
2851 3851 5857 5881 		5851
2221 6521 8521 		2521
5101 5507 5701 8501 		5501
6121 6221 6551 6581 8521 6529 		6521
3527 5227 5507 5557 5827 8527 5927 		5527
3581 6581 5881 8581 5981 		5581
3821 5827 5881 		5821
8501 8527 8581 		8521
5791 7591 		5591
9221 		9521
2281 		2081
2281 5881 5981 		5281
5387 5881 5981 		5381
3581 6581 5881 8581 5981 		5581
5077 5387 5987 		5087
3881 5981 		5881
8581 8681 		8081
5987 		5981
3121 3221 3851 3881 		3821
5101 5701 5807 		5801
2851 3851 5857 		5851
5867 		5861
5227 5807 5857 5867 6827 5897 5927 		5827
3881 		5881
		8821
3371 3391 		3361
6661 6367 6961 		6361
6367 		1367
3701 		3001
3541 		3041
3371 3391 		3361
8461 3491 		3461
3037 6067 3767 3967 9067 		3067
3701 3767 8761 		3761
2161 2851 		2861
4561 		4861
5867 		5861
1847 5867 7867 8867 		1867
8161 8461 8761 8867 		8861
6607 7607 		1607
9661 		9601
3221 2251 6221 2281 9221 		2221
		2521
2371 2677 2971 		2671
7681 7691 		7621
4657 		4651
7681 7691 		7621
3691 7691 		4691
6607 7607 		1607
		1637
2657 4657 5657 		1657
8527 8647 8677 8629 		8627
2741 5741 7741 8741 		1741
9221 9781 		9721
3121 6121 7127 7129 		7121
7687 8681 7691 		7681
3691 7591 		7691
2141 2341 2441 5741 7741 8741 2749 2791 		2741
5441 5641 5701 7741 8741 5749 5791 		5741
1847 8747 		1747
7541 7841 8741 		7741
8641 8761 8747 8941 		8741
		4751
4129 		4729
9221 9781 		9721
3221 6221 9227 		9221
		9421
		9521
6781 9181 		9781
2791 5791 		9791
8191 		8291
3391 4397 		4391
4561 7591 		4591
3691 		4691
3491 		6491
3691 6661 		6691
2791 5791 6781 		6791
6961 6971 		6991
3391 9397 		9391
3491 		9491
2791 5791 		9791
		1303
3307 3371 3701 3391 		3301
6101 		6301
3307 7307 		1307
4111 		4211
		4241
4561 		4261
3271 6271 		4271
		4801
6607 7607 		1607
9661 		9601
2851 		2801
		4801
5101 5701 5807 		5801
8191 		8291
3907 6907 9907 		1907
		7901
9907 		9901
4111 		4211
		4241
4561 		4261
3271 6271 		4271
		4801
		4111
		4241
4561 		4261
6221 6271 		6211
3271 6271 		4271
		4243
2441 5441 4447 		4441
4561 		4261
3271 6271 		4271
		9241
		5233
5441 5471 		5431
		5261
5227 		5237
2281 		5281
7561 		4561
		5261
3271 6271 		4271
		4861
3221 3251 3371 6271 		3271
6221 6971 		6271
		4871
		4801
		4861
		4871
3221 6221 		8221
8461 		8431
8287 		8237
8761 		8731
8191 		8291
		4951
3541 3581 		3511
2141 2161 2137 		2131
		2521
2251 2351 6551 2557 2851 		2551
2791 		2731
2791 7591 		2591
5441 5471 		5431
5101 5507 5701 8501 		5501
3581 6581 8581 		5581
5791 7591 		5591
5171 8171 		1171
5471 		1471
3371 3541 3581 		3571
6551 6577 6581 6971 		6571
		1579
		5333
5227 		5237
5573 5279 		5273
2441 5641 5471 5449 		5441
5407 5477 		5437
5171 5477 5479 		5471
8461 		8431
5101 5507 5701 8501 		5501
3581 6581 8581 		5581
5791 7591 		5591
22